# Number of bins: 10
#
# Size [cm]:     2.000000e-02  4.308869e-02  9.283178e-02  2.000000e-01  4.308869e-01  9.283178e-01  2.000000e+00  4.308869e+00  9.283178e+00  2.000000e+01   2.000000e-02   4.308869e-02   9.283178e-02   2.000000e-01   4.308869e-01   9.283178e-01   2.000000e+00   4.308869e+00   9.283178e+00   2.000000e+01
#
# Time           Normalized dust force                                                                                                                       Number of particles counted
#
0.000000e+00     2.975564e-01 -2.938657e-01  4.891371e-01 -5.883217e-02  3.425387e-01  1.467734e-01  5.036576e-03 -2.781124e-01 -2.745580e-01  1.562298e+00            927            926            931            926            919            920            917            920            912            938
9.985257e-02     1.359660e-02  1.930395e-02  1.473634e-01 -2.134173e-01 -3.833440e-01  1.193679e-01 -3.764951e-01 -6.449205e-03 -1.739202e-01 -7.479578e-02            927            926            931            926            919            920            917            920            912            938
1.996333e-01     6.442039e-02  7.418140e-02  2.138703e-01 -8.597678e-02 -3.641778e-01  5.273219e-02 -4.779836e-01  2.776086e-02 -3.385168e-01 -5.208505e-02            927            926            931            926            919            920            917            920            913            938
2.994142e-01     7.649915e-02  1.126710e-01  2.961452e-01  1.445340e-01 -3.543321e-01 -3.227015e-02 -4.205363e-01  2.033085e-02 -5.778070e-01 -2.508514e-02            927            926            931            926            919            920            917            920            913            937
3.998361e-01     4.924113e-02  4.507514e-02  4.236074e-01  1.686919e-01 -4.591922e-01 -2.386420e-03  1.141485e-01  1.144444e-02 -7.641841e-01 -1.210182e-02            926            926            931            926            919            920            917            920            913            936
4.996105e-01     1.076525e-02 -9.736850e-04  3.334874e-01  1.104593e-01 -6.109451e-01  8.042066e-02  3.099773e-01  2.325754e-02 -4.912317e-01 -2.423153e-02            926            926            931            925            919            920            917            920            912            934
5.993815e-01     2.273266e-03  1.936740e-02 -1.032704e-01  6.848874e-02 -7.668255e-01  6.677933e-02  1.739729e-01  9.428084e-03  3.808056e-02 -2.783022e-02            926            926            931            925            919            920            917            920            912            932
6.997936e-01    -1.807558e-02  2.514939e-02 -3.721842e-01  1.983880e-02 -8.870241e-01  6.070458e-02  4.172110e-02 -1.452268e-02  4.987098e-01 -3.027702e-02            926            926            931            925            919            920            917            920            912            930
7.995596e-01    -2.713045e-02  9.886846e-03 -3.583510e-01  8.437295e-04 -7.117717e-01  4.088997e-02 -3.692791e-02 -1.522639e-02  4.590237e-01 -6.558292e-03            926            925            931            925            919            920            917            920            912            929
8.999675e-01    -3.942340e-02  7.100160e-02 -2.838271e-01 -7.249230e-03 -1.282651e-01 -2.457052e-02 -4.887974e-02 -1.299577e-03  3.093505e-01  1.156504e-02            926            925            931            925            919            920            917            920            911            927
9.997304e-01    -6.499162e-02  1.531560e-01 -2.079070e-01 -7.241472e-03  5.576242e-01 -7.530894e-03 -3.227286e-02  4.979623e-03  2.271426e-01 -1.288528e-02            926            925            931            924            919            920            917            920            911            927
1.099492e+00    -7.644207e-02  2.100275e-01 -8.616546e-02  2.499602e-02  7.862414e-01 -3.126977e-03 -8.228534e-02 -7.811981e-02  1.494532e-01 -1.185001e-02            925            925            930            924            919            920            917            920            911            926
1.199896e+00    -5.549104e-02  2.498718e-01  2.193291e-02  5.627139e-02  6.904131e-01 -3.604014e-02 -1.503064e-01 -1.573634e-01  7.220327e-02  9.050363e-03            925            925            930            924            919            920            917            920            911            926
1.299656e+00    -2.115666e-02  3.115575e-01  5.135554e-02  2.597328e-02  6.011205e-01 -3.770751e-02 -1.653391e-01 -1.565002e-01  3.321550e-02  4.701259e-02            925            925            929            923            918            920            917            920            911            925
1.399416e+00    -6.078824e-03  2.610725e-01  4.044861e-02  8.836278e-03  4.744964e-01 -2.541058e-02 -1.179435e-01 -1.194053e-01  2.348011e-02  5.420859e-02            925            925            929            923            918            920            917            920            911            922
1.499818e+00    -2.006340e-02 -3.506967e-02  1.905289e-02  7.186166e-03  3.417827e-01  2.588170e-02 -1.405711e-01 -1.843279e-01  4.024741e-02  3.350553e-02            925            925            929            923            918            920            917            920            911            920
1.599577e+00    -6.458141e-03 -2.979250e-01  4.264675e-02 -1.278476e-02  2.054580e-01  7.089997e-02 -1.931934e-01 -2.247627e-01  2.438398e-02  1.423131e-02            925            925            929            923            918            920            917            919            911            921
1.699978e+00     1.172018e-02 -3.137154e-01 -3.246719e-03 -2.197262e-02  6.104399e-02  9.949044e-02 -1.973380e-01  1.308976e-02  1.177741e-02  4.721854e-02            925            925            929            923            918            919            917            919            911            919
1.799736e+00     4.808902e-02 -2.421439e-01 -1.147609e-01  1.315082e-03 -6.999255e-02  4.881465e-02 -1.031728e-01  2.165716e-01 -1.894011e-02  1.261264e-01            925            925            929            923            918            919            917            919            911            918
1.899493e+00     1.157466e-01 -1.684949e-01 -5.361043e-02  4.288907e-02 -2.228510e-01  2.596963e-03  1.173362e-01  1.435873e-01 -9.099756e-02  2.470826e-01            925            925            929            923            918            919            917            919            911            918
1.999894e+00     8.574949e-02 -1.313926e-01  4.585275e-02  2.980732e-02 -2.954160e-01  1.131911e-02  1.263771e-01  1.362770e-01 -1.050207e-01  2.800770e-01            924            925            928            923            918            919            917            919            911            917
2.099651e+00    -1.756452e-02 -1.125863e-01  9.322127e-02 -2.578842e-02  3.028893e-02  2.425438e-02  4.825289e-02  1.737225e-01 -8.382818e-02  1.216651e-01            924            925            927            922            918            919            917            919            911            916
2.199408e+00    -3.649192e-02 -8.757443e-02  1.190944e-01 -1.062551e-01  3.742789e-01  5.034687e-02  2.561377e-02  1.661661e-01  1.636790e-02  1.894177e-01            924            925            927            922            918            919            917            919            911            916
2.299808e+00    -6.788432e-03 -7.778762e-02  1.617575e-01 -1.070860e-01  3.247021e-01  1.412993e-02  4.997390e-02  1.264109e-01  8.397152e-02  2.167183e-01            923            925            927            922            918            918            917            919            911            915
2.399565e+00     7.466453e-03 -6.826425e-02  2.347747e-01  1.018227e-01  2.150880e-01 -9.868279e-02  6.210817e-02 -4.084598e-02  3.541980e-02  1.611234e-01            923            925            927            922            918            918            917            918            911            915
2.499965e+00     5.948396e-04 -6.940770e-02  3.261016e-01  2.200867e-01  1.996762e-01 -1.175023e-01  6.037713e-02 -1.083044e-01 -7.896380e-03  8.976814e-02            923            925            927            922            918            918            917            918            911            909
2.599721e+00    -1.327191e-02 -7.691824e-02  3.081276e-01  2.608065e-01  2.008804e-01 -1.093924e-01  2.392149e-02 -9.402933e-02 -5.963960e-02  5.353110e-02            923            925            927            922            918            918            917            918            910            907
2.699478e+00    -2.196264e-02 -7.906128e-02  2.797252e-01  2.925890e-01  1.595654e-01 -8.599533e-02 -1.671933e-02 -7.419505e-02 -6.370545e-02  1.807536e-02            923            925            927            922            918            918            917            918            910            907
2.799877e+00    -2.224880e-02 -9.093733e-02  2.455514e-01  3.413136e-01  1.169158e-01 -9.248959e-02 -2.108126e-02 -4.779416e-02  3.218966e-02 -3.861675e-02            922            925            927            922            918            918            917            918            911            905
2.899634e+00    -1.386756e-02 -5.538569e-02 -9.929584e-02  3.367985e-01  7.185896e-02 -1.230963e-01 -1.921918e-02 -3.669127e-02 -3.945313e-03 -7.033528e-02            922            925            927            922            918            918            917            918            911            905
2.999390e+00     1.119898e-02  2.665577e-02 -4.776909e-01  5.128870e-03  4.534058e-02 -1.771042e-01  8.098429e-03 -6.731015e-02 -7.241448e-02 -7.526534e-02            921            925            927            922            918            918            917            918            910            903
3.099790e+00     1.860535e-02  7.738324e-02 -4.793665e-01 -2.216224e-01  3.575332e-02 -2.820293e-01  9.189382e-03 -9.965800e-02 -2.272379e-02 -6.989965e-02            921            925            926            922            918            919            916            918            911            901
3.199546e+00     1.367053e-02  7.076318e-02 -3.316433e-01 -1.465696e-01  5.764092e-02 -3.816867e-01  2.738426e-03 -6.224902e-02  4.119964e-02 -8.995975e-02            921            925            926            922            918            918            916            918            911            900
3.299946e+00     1.103964e-02 -1.227704e-02 -2.562748e-01 -1.275273e-01  6.804144e-02 -2.372579e-01  6.664438e-02  5.866863e-02  1.774243e-02 -1.318591e-01            921            925            926            922            918            918            916            918            911            901
3.399702e+00    -7.879493e-03 -9.154218e-02 -1.643837e-01 -8.523940e-02  6.080859e-02  3.300625e-01  1.471916e-01  9.149307e-02  2.904033e-02 -1.523560e-01            921            925            926            922            918            918            916            918            911            903
3.499458e+00    -1.988992e-02 -1.454486e-01 -9.549991e-02 -4.424952e-02  5.580933e-02  4.936086e-01  1.607092e-01  9.148386e-02 -8.975074e-04 -7.511362e-02            921            925            925            922            918            918            916            918            911            901
3.599858e+00    -3.994139e-02 -1.750094e-01 -7.913615e-02 -2.726033e-02  5.373977e-02  3.670361e-01 -7.738952e-02  8.576232e-02 -2.978561e-02  3.096181e-02            921            925            925            922            918            918            916            918            912            900
3.699614e+00    -7.242459e-02 -1.734625e-01 -5.168582e-02  9.275116e-03  2.073110e-02  3.235483e-01 -2.270109e-01 -2.086742e-02 -7.643060e-02  4.878257e-02            921            925            925            922            918            918            916            918            913            900
3.799370e+00    -1.173334e-01 -1.947001e-01 -3.971088e-02  5.145128e-02  8.077045e-03  1.813286e-01 -2.307541e-01 -9.434892e-02 -8.414481e-03  7.342820e-02            921            925            925            922            918            918            916            918            913            901
3.899770e+00    -7.167873e-02 -2.092505e-01 -5.544730e-02  9.501432e-02  3.110416e-02  1.611103e-02 -2.778591e-01 -9.751572e-03  1.709083e-01  9.973010e-02            921            924            925            922            918            918            917            918            914            901
3.999526e+00     4.474995e-02 -4.372408e-02 -7.938433e-02  1.770836e-01  3.259554e-02 -4.390835e-02 -3.027895e-01 -3.409527e-03  1.346637e-01  1.276458e-01            921            924            925            922            918            918            916            918            915            900
4.099926e+00     9.764321e-02  5.137693e-02 -1.219119e-01  2.784221e-01  1.783274e-02 -1.250393e-01 -3.012321e-01 -2.763491e-02  5.572632e-02  1.474986e-01            921            924            925            922            918            918            916            918            915            899
4.199682e+00     1.297111e-01  6.028031e-02 -9.403185e-02  1.897053e-01  2.496721e-02 -1.122879e-01 -2.980544e-01 -5.359247e-02 -3.784296e-04  1.656650e-01            921            924            925            922            918            918            916            918            914            898
4.299438e+00     1.251745e-01  5.901239e-02 -3.324360e-03 -1.348622e-01  4.498512e-02 -9.646122e-02 -3.148113e-01 -4.046831e-02 -9.892470e-02  1.890941e-01            921            925            925            922            918            918            915            919            914            895
4.399838e+00     1.370763e-01  2.070746e-02  2.196021e-02 -1.949206e-01  7.887666e-02 -4.521538e-02 -3.429522e-01  2.766171e-02 -2.413225e-01  1.930445e-01            921            925            925            922            918            918            915            919            914            893
4.499594e+00     1.835477e-01  2.921989e-02  1.808066e-02 -1.451858e-01  1.139531e-01  5.162169e-02 -4.094493e-01  6.702519e-02 -2.878013e-01  1.567077e-01            921            925            925            922            917            918            915            920            913            890
4.599994e+00     1.907992e-01  2.814965e-02  4.499940e-02 -1.682033e-01  1.030171e-01  6.994958e-02 -6.125209e-01  5.427407e-02  2.177825e-02  1.504744e-01            921            925            925            922            917            918            915            920            912            892
4.699750e+00     1.545599e-01  1.884532e-02  1.106920e-02 -1.163068e-01  9.682531e-02  5.280787e-02 -7.488452e-01 -1.415940e-01  2.245449e-01  1.547570e-01            921            925            926            922            917            918            915            921            912            893
4.799506e+00     6.931617e-02  1.162142e-01 -2.310137e-02 -9.722237e-02  1.046645e-01  4.042736e-02 -8.081440e-01 -3.206318e-01  1.781464e-01  1.404602e-01            921            925            926            922            917            918            915            922            913            894
4.899906e+00    -4.202402e-02  1.539891e-01 -3.719528e-02 -4.794185e-02  1.515427e-01  3.585402e-02 -9.579399e-01 -6.613302e-02  1.107999e-01  9.261579e-02            921            925            926            922            917            918            915            923            915            893
4.999662e+00    -3.442042e-02  1.334231e-01 -4.682729e-02 -2.373358e-02  2.124590e-01  2.425684e-02 -5.387280e-01  1.351077e-02  2.467367e-02  4.948672e-02            921            925            927            922            917            918            915            924            915            893
5.099418e+00    -5.557138e-02  1.223597e-01  1.392919e-02 -9.705189e-02  1.940911e-01 -1.937134e-04  5.718444e-01 -3.223835e-03  2.533942e-02  2.608239e-02            921            925            927            922            917            918            915            924            915            892
5.199818e+00    -1.028014e-01  9.186818e-02  9.153460e-02 -1.164402e-01 -1.310465e-01 -2.778658e-03  8.139451e-01  1.630306e-02  6.554302e-02  2.783284e-02            922            925            927            922            917            919            915            924            914            892
5.299574e+00    -1.245285e-01 -1.102023e-02  5.033565e-02 -9.245096e-02 -2.557660e-01 -1.248721e-03  5.563868e-01  7.205007e-02  9.470069e-02  4.149277e-02            922            925            927            922            917            919            915            926            916            889
5.399974e+00    -1.015200e-01 -8.949113e-02  2.620201e-02 -6.512725e-02 -2.000239e-01 -1.738188e-03  3.296916e-01  9.528275e-02  1.130149e-01  5.796108e-02            923            925            927            922            917            919            915            926            917            887
5.499730e+00    -6.535843e-02 -7.574144e-02  3.124516e-02 -6.588341e-02 -1.336191e-01 -2.509685e-03  1.954466e-01  8.136664e-02  1.205679e-01  6.174443e-02            923            925            927            922            917            919            915            926            919            887
5.599486e+00    -1.936341e-02 -4.867923e-02  3.507138e-02 -8.753208e-02 -7.509924e-03 -2.358819e-02  9.185011e-02 -1.925843e-02  7.256764e-02  4.378851e-02            923            925            927            922            917            919            915            927            920            887
5.699886e+00     2.970364e-02 -6.094777e-02  5.031861e-02 -1.097295e-01  2.161979e-02  1.152294e-02 -1.980707e-02 -1.020423e-01  1.192164e-02  2.959916e-02            923            925            927            922            917            919            915            927            921            886
5.799642e+00    -8.426211e-03 -9.026408e-02  3.965802e-02 -1.359345e-01  2.724874e-03  4.258641e-02 -7.643896e-02 -1.768741e-01  3.164742e-02  7.220678e-02            924            925            927            922            917            919            915            928            921            885
5.899398e+00    -6.606457e-02 -8.380244e-02  1.741062e-02 -2.212253e-01 -1.018647e-02  8.906806e-02 -4.978388e-02 -1.731741e-01  1.515723e-01  7.104444e-02            924            925            927            923            917            919            915            928            921            888
5.999798e+00    -6.937084e-02 -9.245256e-02  1.393199e-02 -2.229654e-01 -6.999158e-03  3.957516e-02 -1.748651e-01 -1.526196e-01  9.715528e-02  4.693406e-02            924            925            929            923            917            919            915            929            921            885
6.099554e+00    -5.435675e-02 -1.386814e-01  5.773616e-03  6.532483e-02 -7.358048e-03 -5.010693e-02 -5.648836e-01 -1.959674e-01 -8.347816e-02 -1.246170e-02            924            925            929            923            917            919            915            929            922            887
6.199953e+00    -5.478084e-02 -1.927243e-01 -2.102268e-02  2.835234e-01 -1.026976e-02 -4.641091e-02 -7.973482e-01 -2.245239e-01 -6.290969e-02 -8.910891e-02            925            925            929            923            917            920            916            929            922            886
6.299709e+00    -6.654019e-02 -2.666269e-01 -5.178385e-02  2.510578e-01 -1.082586e-02 -4.213329e-02 -6.901335e-01 -4.237754e-02 -1.080396e-02 -6.366370e-02            925            925            929            923            918            920            916            930            923            888
6.399466e+00    -4.554529e-02 -3.234075e-01 -2.624373e-02  9.500936e-02  1.872812e-02 -4.687034e-02  1.159124e-02  5.347284e-02 -5.059579e-02 -4.788116e-02            925            925            929            923            918            920            917            929            924            887
6.499865e+00    -4.268465e-02 -2.239733e-01  6.424515e-02  2.262931e-02 -1.191335e-02 -5.750442e-02  2.693094e-01  1.275527e-01 -7.478683e-02 -4.234490e-02            925            925            929            924            918            920            917            929            924            887
6.599621e+00    -9.758184e-03  1.015332e-01  9.907132e-02  1.082601e-02 -7.066717e-02 -9.771456e-03  8.590851e-02  1.780848e-01 -5.904134e-02  1.047592e-02            925            925            930            924            919            920            917            929            924            888
6.699378e+00     1.125033e-01  2.792442e-01  7.837807e-02  7.329128e-03 -1.805170e-02  6.255878e-04 -9.418239e-02  1.456774e-01 -3.108445e-02  7.353174e-02            925            925            931            925            919            920            917            929            925            887
6.799777e+00     1.618805e-01  3.357298e-01  1.993683e-02  9.728465e-03  1.911464e-02 -3.609669e-02 -2.543240e-01  1.108270e-01  5.401790e-03  2.496601e-02            926            925            931            925            919            920            917            930            927            883
6.899533e+00     1.175205e-01  2.755272e-01 -1.467282e-02  3.198264e-02 -1.259905e-02 -5.467616e-02 -4.217232e-01 -4.703076e-02  1.405321e-01  4.594845e-02            926            925            931            926            919            920            917            931            927            883
6.999933e+00     2.864013e-02  1.032751e-01  8.886043e-03  6.832411e-02 -4.308806e-02 -5.653203e-02 -5.348963e-01 -2.967084e-01  3.698369e-01  2.128627e-01            926            926            931            926            919            920            917            932            927            882
7.099689e+00    -8.162306e-02  5.857136e-02  4.298824e-02  6.047936e-02 -5.106769e-02 -1.245396e-01 -6.839856e-01 -3.657177e-01  3.116765e-01  2.759068e-01            926            926            931            926            919            922            917            933            927            884
7.199445e+00    -1.515185e-01  6.500567e-02  3.665019e-02  6.586611e-02 -7.560810e-03 -8.596520e-02 -9.931172e-01 -1.646275e-01 -2.516217e-01 -8.952585e-01            926            926            931            926            919            922            917            933            927            883
7.299845e+00    -1.302832e-01  5.838031e-02  5.955494e-02  8.119081e-02  2.222261e-02  8.413390e-02 -1.381717e+00  1.321789e-01 -3.107080e-01 -1.161484e+00            927            927            931            926            920            923            917            933            927            883
7.399601e+00    -1.006777e-01  6.685924e-02  8.954641e-02  9.086614e-02  6.530552e-03  9.924792e-02 -1.757991e+00  2.282650e-01 -2.063900e-01 -8.342848e-01            927            927            931            926            920            923            917            933            928            884
7.499357e+00    -5.238341e-02  6.834379e-02  9.587211e-02  5.191528e-02 -5.817219e-02  9.837030e-02 -1.782125e+00  1.376197e-01 -2.236404e-01 -5.771648e-01            927            927            931            926            920            923            918            933            929            886
7.599757e+00    -5.325264e-02  3.982655e-02  1.402618e-01 -1.315466e-02 -1.390112e-01  6.134761e-02 -4.265592e-01  7.043648e-02 -2.002542e-01 -4.803504e-01            927            927            931            926            920            924            918            933            930            886
7.699513e+00    -4.663723e-02  4.260180e-02  1.916085e-01 -4.109537e-02 -1.702778e-01  3.094167e-02  1.065227e+00  2.300264e-02 -1.531362e-01 -4.463632e-01            927            927            931            926            920            924            919            933            931            886
7.799913e+00    -2.958558e-02  3.374502e-02  1.925933e-01  3.162449e-02 -2.234719e-01  1.200888e-02  1.444596e+00  7.064346e-04 -1.324979e-01 -3.641200e-01            927            927            932            926            920            924            919            934            929            885
7.899669e+00    -4.047113e-02  4.222077e-03  4.373087e-02  8.510419e-02 -3.441672e-01  2.115143e-03  1.484188e+00 -3.038679e-02 -1.016189e-01 -1.635126e-01            927            927            932            926            920            924            919            934            931            886
7.999425e+00    -5.319403e-03  1.251975e-04 -6.521130e-02  7.152984e-02 -3.572862e-01 -3.532285e-02  1.121576e+00 -6.513355e-02 -2.390998e-02 -6.658630e-03            927            927            932            926            921            924            919            934            932            887
8.099825e+00     3.196189e-02 -1.415662e-02 -4.964874e-02  2.254309e-02  7.345456e-02 -3.920841e-02  7.143067e-01 -8.362294e-02  4.140639e-03  1.693244e-01            927            927            932            926            921            924            919            934            932            885
8.199581e+00     4.440544e-02 -4.164965e-03 -3.267241e-02  7.385759e-02  6.624120e-01 -5.149157e-02  4.062897e-01  2.525565e-02  4.117459e-03  3.278872e-01            927            927            932            926            920            924            919            934            932            883
8.299981e+00     6.589265e-02  4.176988e-02  8.235095e-02  1.648398e-01  7.819031e-01 -8.109847e-02  2.846634e-01  2.308663e-01  4.163457e-03  2.836913e-01            927            927            931            926            920            924            919            933            933            882
8.399737e+00     7.214555e-02  1.555047e-03  1.449041e-01  1.108807e-01  7.422722e-01 -7.580639e-02  4.963659e-01  1.583244e-01 -3.829072e-02  4.054436e-01            927            927            931            926            920            924            919            933            933            883
8.499493e+00     1.916725e-02 -3.767247e-02  1.474845e-01  2.114764e-01  7.450689e-01  2.900619e-02  5.303201e-01  2.589872e-02 -1.202710e-01  4.658609e-01            927            927            931            926            920            924            919            933            933            881
8.599893e+00    -4.397267e-02 -3.083449e-02  1.445961e-01  3.709762e-01  9.074560e-01  4.417693e-02  3.979502e-01  5.747554e-03 -1.520763e-01  2.154567e-01            927            927            931            926            920            924            919            933            933            881
8.699649e+00    -7.528966e-02  2.882786e-02  1.584850e-01  4.870425e-01  1.166339e+00  5.246151e-02  2.909227e-01  8.692689e-03 -1.344322e-01  9.672695e-02            926            926            931            926            920            924            919            933            933            882
8.799405e+00    -9.727039e-02  6.418121e-02  1.860805e-01  4.864395e-01  9.918694e-01  8.673421e-02  2.392948e-01  1.993421e-02 -3.285110e-02  6.107077e-02            926            926            931            926            920            923            919            933            933            881
8.899804e+00    -7.630274e-02  7.228296e-02  2.198616e-01 -3.637971e-02 -1.848111e-01  1.267256e-01  2.293305e-01  2.758882e-02  5.807179e-02  2.613566e-02            926            925            931            926            919            923            919            933            932            882
8.999561e+00    -1.576850e-02  9.577381e-02  2.316622e-01 -4.859578e-01 -9.452627e-01  1.723219e-01  2.158077e-01  1.332137e-02  4.415683e-02 -2.054363e-02            926            925            931            926            919            923            919            933            933            883
9.099960e+00    -1.606385e-02  9.629564e-02  2.087706e-01 -3.942749e-01 -8.349858e-01  1.921736e-01  2.057557e-01 -3.672964e-02  3.940388e-02 -2.965297e-02            925            925            931            925            919            923            919            933            933            882
9.199716e+00    -3.915256e-02  8.074140e-02  2.195466e-01 -2.266585e-01 -6.002229e-01  1.101898e-01  1.899255e-01 -8.846472e-02  3.215260e-02  1.057428e-01            925            925            930            925            919            922            919            933            933            881
9.299473e+00    -4.793531e-02  6.903618e-02  2.454290e-01 -1.270179e-01 -4.247474e-01 -1.289143e-01  2.532619e-01 -8.959336e-02  1.057522e-03  4.565036e-02            925            925            930            925            919            921            918            933            935            879
9.399872e+00    -7.542064e-02  3.580791e-02  2.322036e-01 -4.677622e-02 -2.974326e-01 -1.424725e-01  3.971218e-01  2.348946e-02 -2.298922e-02 -1.190821e+00            925            925            929            924            919            920            918            933            935            879
9.499628e+00    -1.375218e-01  1.598441e-02  2.929049e-01  1.954943e-02 -1.686330e-01 -9.396505e-02  4.131797e-01  1.980222e-01 -2.910186e-02 -1.043868e+00            925            925            929            923            918            920            918            933            936            878
9.599385e+00    -1.873917e-01  3.250242e-02  3.786911e-01  1.018370e-01 -2.601703e-02 -5.786744e-02  1.826074e-01  2.409454e-01 -2.579206e-02 -5.904909e-01            925            925            929            923            918            920            917            933            936            877
9.699784e+00    -2.090496e-01  4.326307e-02  4.115317e-01  1.822043e-01  5.776463e-02 -4.956563e-02  9.830087e-02  1.187066e-01  1.992015e-02 -4.094325e-01            924            925            929            923            918            920            917            933            936            879
9.799540e+00    -2.602383e-01  3.879977e-02  4.492959e-01  2.129129e-01  9.403340e-02 -3.606530e-02 -1.626153e-01 -1.863207e-01  5.540998e-02 -4.283847e-01            924            925            929            923            918            920            917            933            936            880
9.899940e+00    -3.206101e-01  3.084296e-02  5.560127e-01  1.138009e-01  6.848409e-02 -4.019335e-02 -2.583542e-01 -2.002317e-01  5.656308e-02 -5.008103e-01            924            925            927            923            917            920            917            933            935            879
9.999696e+00    -3.026492e-01  2.736046e-02  6.732637e-01 -6.387105e-02  3.271772e-02 -3.153421e-02 -1.895033e-01 -7.393799e-02  5.706222e-02 -5.032039e-01            923            925            927            923            917            920            917            933            935            881
1.009945e+01    -1.882622e-01  1.909036e-02  7.712333e-01 -2.235877e-01  8.567270e-02  1.505955e-02 -1.234774e-01  2.589889e-02  4.338278e-02 -2.328861e-01            923            925            927            922            917            920            917            933            935            880
1.019985e+01     1.569256e-02  3.917466e-02  8.168532e-01 -2.953533e-01  1.174611e-01  3.032751e-02 -8.317580e-02  1.965850e-02  6.279349e-02  1.446854e-01            923            925            927            922            917            920            917            933            936            881
1.029961e+01     1.757007e-01  1.944413e-01  7.772280e-01 -2.198594e-01  1.394888e-01  2.917944e-02 -7.716747e-02  1.636547e-03  3.538571e-02  1.001029e-01            923            925            927            922            917            920            917            933            936            880
1.039936e+01     2.183540e-01  4.559379e-01  6.257891e-01 -1.620235e-01  2.221479e-01 -2.842567e-02 -7.044230e-02 -2.034761e-02 -2.831094e-02  2.420996e-02            922            925            927            922            917            920            917            933            936            878
1.049976e+01     2.109526e-01  4.302794e-01  3.867175e-01 -8.892894e-02  2.870039e-01 -1.203271e-01 -6.016077e-02 -5.796150e-02 -6.329801e-02  3.153034e-02            921            925            927            922            917            919            917            933            936            878
1.059952e+01     1.706843e-01  1.499996e-01  1.240708e-01 -4.744147e-02  6.370359e-03 -1.779444e-01 -4.227930e-02 -4.894749e-02 -4.947558e-02  2.609578e-02            921            925            927            922            917            919            917            933            936            879
1.069992e+01     1.430691e-01 -1.637670e-01 -2.963729e-02 -1.526217e-02 -1.826475e-01 -1.069785e-01  3.225777e-03  2.610322e-04 -1.508001e-02 -1.882040e-01            921            925            926            922            917            919            917            933            936            879
1.079968e+01     1.325804e-01 -2.676636e-01 -6.985378e-02 -1.455713e-02 -1.942679e-01  1.610563e-01  1.764293e-02 -1.240757e-02 -9.584452e-03 -2.862579e-01            921            925            926            922            917            919            917            933            936            879
1.089943e+01     8.206332e-02 -2.539148e-01 -1.887327e-01 -2.199644e-02 -2.637962e-02  1.870770e-01  1.563715e-03 -2.068092e-02 -7.733833e-03 -1.479708e-01            921            925            926            922            917            919            917            933            936            879
1.099983e+01     8.876726e-02 -2.078726e-01 -4.722069e-01 -2.781888e-02 -2.089398e-02  1.450376e-01  1.858998e-02 -2.928102e-02  1.164496e-02 -3.782447e-02            921            925            926            922            917            919            917            933            937            878
1.109959e+01     1.639565e-01 -1.826164e-01 -8.119146e-01 -2.984105e-02 -3.497206e-01  1.273653e-01  6.521963e-02 -4.642278e-02 -1.707297e-02 -1.769827e-02            921            925            925            922            917            919            917            933            937            878
1.119999e+01     1.730789e-01 -1.424529e-01 -9.994213e-01 -2.201805e-02 -3.816308e-01  6.082675e-02  5.812887e-02 -3.429726e-02 -5.184276e-02 -6.547838e-02            921            924            925            922            917            919            916            932            937            876
1.129974e+01     1.388231e-01 -1.146854e-01 -9.782471e-01 -2.869054e-02 -2.385561e-01 -5.546525e-03  4.664263e-02 -2.880941e-02 -3.455247e-02 -8.947100e-02            921            924            925            922            917            919            916            932            937            872
1.139950e+01     1.168100e-01 -8.763245e-02 -8.562559e-01  2.911480e-02 -1.217595e-01 -1.906526e-02  1.741072e-01 -4.008591e-02  5.644270e-03 -8.142352e-02            921            924            925            922            917            919            916            932            938            871
1.149990e+01     9.691111e-02 -5.127821e-02 -7.208810e-01  1.008940e-01 -6.753159e-02 -2.893719e-02  2.674522e-01 -4.418802e-02  4.109602e-02 -6.203208e-02            921            924            925            922            917            919            916            932            938            869
1.159966e+01     6.456152e-02 -1.258012e-02 -6.193372e-01  1.378677e-01 -2.976294e-02 -1.484236e-02  3.693619e-02  1.548391e-03  7.668583e-02 -5.301661e-03            921            925            925            922            917            919            916            932            939            867
1.169941e+01     5.725469e-02  1.320753e-02 -5.086267e-01  1.685946e-01 -2.310356e-02 -8.694465e-03 -5.079223e-02  3.862684e-02  7.594103e-02  2.657828e-02            921            925            926            922            917            919            916            933            937            868
1.179981e+01     8.014588e-02 -1.603122e-03 -4.333587e-01  1.926096e-01 -4.906534e-02 -1.755111e-02  8.807120e-04  1.708042e-02  8.456989e-02  3.043185e-02            921            925            926            922            917            919            916            933            938            867
1.189957e+01     1.385435e-01 -3.571406e-02 -3.063399e-01  2.907480e-01 -6.315043e-02 -6.789534e-03 -3.033440e-02 -1.335922e-02  7.863616e-02 -1.547131e-01            921            925            926            922            917            919            916            933            939            866
1.199997e+01     2.036829e-01 -4.556513e-02 -1.971161e-01  4.719959e-01 -5.405598e-02  1.542156e-02 -1.500629e-01  2.412860e-02  2.722991e-02 -2.187643e-01            921            925            927            922            917            920            916            934            939            865
1.209972e+01     2.280037e-01 -1.081862e-01 -2.307681e-01  3.588076e-01 -2.375522e-02  3.360761e-02 -1.345964e-01  7.581137e-02 -2.754330e-02 -1.817768e-01            921            925            927            922            917            920            916            934            939            866
1.219948e+01     1.007185e-01 -1.329171e-01 -2.541970e-01 -2.125505e-01  4.947328e-02  6.348812e-02 -1.443231e-01  8.778019e-02 -2.092209e-02 -2.005985e-01            921            925            927            922            917            920            916            935            939            864
1.229988e+01    -1.456035e-01 -6.608680e-02 -2.233648e-01 -4.049495e-01  4.980690e-02  8.952622e-02 -1.513821e-01  5.146132e-02 -3.969575e-03 -3.113959e-02            922            925            927            922            917            920            917            935            940            864
1.239964e+01    -2.082623e-01  6.385305e-03 -2.021587e-01 -2.730990e-01  1.140919e-02  2.023190e-02 -1.489347e-01  4.071151e-02  3.316703e-02  2.771421e-01            923            925            927            922            917            920            918            937            940            861
1.249939e+01    -1.785305e-01  2.742755e-02 -1.872343e-01 -1.678010e-01  5.972993e-02 -1.510285e-01 -1.813248e-01  6.130612e-02  1.082525e-01  9.200007e-01            923            925            927            922            917            920            918            937            939            860
1.259979e+01    -1.340107e-01  2.469164e-02 -5.007465e-02 -9.595214e-02  1.636422e-01 -3.957521e-02 -2.068403e-01  1.016436e-01  9.480701e-02  1.252891e+00            923            925            927            923            917            920            918            937            941            858
1.269955e+01    -7.845498e-02  1.333830e-02  1.217564e-02 -5.470024e-02  1.491521e-01  2.060911e-01 -9.723197e-02  6.560323e-02  3.558820e-02 -9.701881e+00            923            925            927            923            918            920            918            938            941            857
1.279995e+01    -7.950720e-02  9.495721e-03  7.074493e-03 -1.199342e-02 -3.422637e-02  3.770827e-01  7.814803e-02 -7.218205e-02  2.174920e-02 -5.289241e+00            924            925            928            923            918            921            918            938            941            855
1.289970e+01    -6.865912e-02 -1.450863e-02 -1.158461e-02  2.501210e-02 -1.181358e-01  2.508129e-01  6.912832e-02 -8.970734e-02  2.657470e-01 -2.499196e+00            924            925            929            923            918            922            920            938            941            854
1.299946e+01    -3.403183e-02 -4.039642e-02 -2.956255e-02  6.182400e-02 -8.332898e-02 -2.144123e-01  4.745696e-03 -4.097860e-02  7.355337e-01 -1.506371e+00            924            925            929            923            919            923            920            938            941            854
1.309986e+01    -3.339244e-02 -5.750543e-03 -2.818025e-02  9.685795e-02 -6.271179e-02 -2.337871e-01 -1.796679e-01 -1.703087e-02  9.110213e-01 -8.629019e-01            925            925            929            924            919            924            920            938            942            853
1.319962e+01    -5.465324e-02  1.240106e-02  1.051381e-02  1.195246e-01 -2.290038e-02 -1.665960e-01 -1.763428e-01 -4.998935e-03  1.013869e+00 -4.421654e-01            925            925            929            924            919            924            921            938            942            850
1.329937e+01    -1.431517e-02  2.881683e-02  1.902115e-02  1.358109e-01 -6.006294e-02 -1.283427e-01  1.430617e-01 -2.241083e-03  1.197496e+00 -3.756865e-01            925            925            930            925            919            924            921            938            942            850
1.339977e+01     7.607980e-02  3.181368e-02 -1.542039e-03  1.822355e-01 -9.241584e-02 -1.502361e-01  1.848145e-01  1.121892e-02  1.367893e+00 -3.391360e-01            925            925            930            925            920            924            923            937            943            848
1.349953e+01     6.163648e-02  7.506262e-03  6.928313e-03  2.669968e-01 -6.355579e-02 -1.413052e-01  1.217251e-01  2.966699e-02  1.630846e+00 -2.523166e-01            925            925            931            926            920            925            923            938            944            848
1.359993e+01     6.188269e-02 -1.394090e-02  2.481716e-02  3.432738e-01 -1.780090e-02 -8.833593e-02  7.724537e-02  1.405243e-02  1.798776e+00 -3.364508e-01            925            925            931            926            920            925            923            938            944            848
1.369968e+01     6.919152e-02 -2.573939e-03  3.672936e-02  4.043103e-01 -1.818626e-03 -2.255086e-02  6.903513e-02  6.009477e-04  1.772540e+00 -6.638497e-01            926            925            931            926            921            925            923            938            945            847
1.379944e+01     4.595056e-02  6.023534e-02  4.125612e-02  5.616783e-01  4.680444e-02 -8.227079e-02  1.018176e-01  1.187009e-02  1.731485e+00 -5.255785e-01            926            926            931            926            921            925            923            937            945            846
1.389984e+01     2.574176e-02  8.881647e-02  9.355932e-02  7.284532e-01  1.108647e-01 -1.463044e-01  1.584314e-01  3.721398e-02  1.678197e+00 -6.043908e-02            926            926            931            926            921            925            923            937            946            846
1.399959e+01     5.113986e-02 -2.086587e-02  1.648488e-01  6.287873e-01  1.515968e-01 -6.844849e-02  1.437376e-01  5.127951e-02  1.511503e+00  1.255440e-01            926            926            931            926            921            925            923            937            948            846
1.409999e+01     5.466746e-02 -1.301462e-01  1.702758e-01  1.996384e-02 -3.476131e-02  2.085027e-02  5.304226e-02  8.419612e-02  1.292311e+00  2.149535e-01            926            926            931            926            921            925            923            938            948            846
1.419975e+01     4.246125e-02 -1.346957e-01  1.649666e-01 -6.329123e-01 -1.403708e-01  6.660679e-02 -3.559621e-02  7.308060e-02  1.081348e+00  3.985661e-01            926            926            931            926            921            925            923            938            948            842
1.429951e+01     3.011781e-02 -1.182651e-01  1.919881e-01 -7.789703e-01 -1.288151e-01  5.221155e-02 -7.917356e-02  2.303163e-02  8.837308e-01  5.583262e-01            926            926            931            926            921            925            923            940            949            841
1.439991e+01     1.734087e-02 -1.369909e-01  2.173245e-01 -5.889969e-01 -8.649654e-02  2.113284e-02 -5.707439e-02  2.793188e-02  7.096174e-01  4.521180e-01            926            926            931            926            921            925            923            940            950            839
1.449966e+01     2.056974e-02 -1.342629e-01  1.750469e-01 -3.907940e-01 -9.186100e-02  6.478380e-03 -3.885145e-02 -6.723590e-02  6.779297e-01  3.399283e-01            926            926            931            926            921            925            923            940            950            836
1.459942e+01     2.339889e-02 -3.791801e-02  2.311568e-01 -2.983475e-01 -1.430651e-01 -3.116844e-02 -1.228458e-02 -5.327481e-02  6.557157e-01  1.214240e-01            926            926            931            926            921            925            923            940            951            834
1.469982e+01    -1.414693e-02  1.138019e-02  5.673184e-01 -2.942169e-01 -1.710905e-01 -1.916672e-03  1.689208e-02  7.350199e-02  6.201209e-01 -2.103584e-02            926            925            931            926            921            925            923            940            950            834
1.479957e+01    -3.953326e-02  3.635181e-03  7.244050e-01 -2.374709e-01 -1.579818e-01  1.472139e-01  1.153978e-02  1.443142e-01  5.864857e-01 -1.350505e-01            926            925            931            926            921            925            923            940            950            834
1.489997e+01    -3.912843e-03  5.691435e-03  5.239871e-01 -1.333739e-01 -1.271279e-02  1.830536e-01 -3.036581e-02  2.112608e-01  4.446663e-01 -1.985531e-01            925            925            931            926            921            925            923            940            952            833
1.499973e+01     1.621425e-02  3.095787e-02  1.237779e-01 -8.037917e-02  1.013121e-01  6.470669e-02 -4.191688e-02  3.262634e-01  2.070300e-01 -2.388022e-01            925            925            931            926            920            925            923            940            952            832
1.509949e+01     2.611273e-02  9.292987e-02 -2.664224e-01 -1.141217e-01  1.672144e-01 -2.968196e-03 -8.112726e-03  3.720214e-01 -2.122881e-01 -1.497114e-01            925            925            931            926            920            925            923            939            954            833
1.519989e+01     6.851706e-02  1.066322e-01 -4.964730e-01 -1.800275e-01  1.329632e-01  6.379881e-03  2.173981e-02 -2.182327e-01 -1.969228e-01  6.769483e-03            925            925            930            926            920            925            923            938            954            833
1.529964e+01     1.098282e-01  1.002359e-01 -5.674724e-01 -1.370776e-01  7.901483e-02 -1.211302e-02  9.954263e-03 -4.787605e-01 -8.680685e-02  7.295530e-03            925            925            930            925            920            925            923            938            953            833
1.539940e+01     1.057687e-01  6.187100e-02 -5.428263e-01 -7.291916e-02  4.743137e-02 -1.257341e-02  1.833665e-02 -2.834012e-01 -1.680419e-02 -5.030885e-02            925            925            929            925            920            925            923            938            954            834
1.549980e+01     4.215486e-02  1.383193e-03 -5.099595e-01 -3.196089e-02  5.540702e-02  1.431053e-02  2.738680e-02 -1.591869e-01  1.551307e-02 -1.089251e-01            925            925            929            925            920            925            923            938            954            834
1.559955e+01    -3.655480e-02 -1.347254e-03 -4.439125e-01 -4.572411e-02  6.442213e-02  1.085021e-02  1.708402e-03 -1.027640e-01  2.375579e-02 -2.125709e-01            925            925            929            925            919            925            923            938            954            833
1.569995e+01    -1.723842e-02 -5.961367e-03 -3.641657e-01 -5.439566e-02  6.043279e-02 -1.824330e-02 -1.250800e-02 -6.064815e-02  4.114485e-02 -1.316984e-01            925            925            929            925            919            925            923            938            955            828
1.579971e+01     2.388672e-02 -1.832713e-02 -3.171413e-01 -7.577317e-02  7.556005e-02 -3.737811e-02 -1.382164e-02 -1.761183e-02  8.673810e-02  1.207069e-01            925            925            929            924            919            925            923            938            955            829
1.589947e+01     1.178894e-02 -2.323116e-02 -2.244806e-01 -7.574747e-02  9.638120e-02 -4.639682e-02 -4.237728e-02  1.406485e-02  1.209006e-01  1.038977e-01            925            925            929            924            919            925            923            938            955            828
1.599987e+01    -7.431738e-02 -3.443413e-02 -1.659631e-01 -5.568835e-02  9.462672e-02 -6.115347e-02 -6.399075e-02  2.811702e-02  7.689213e-02 -9.076896e-02            925            925            929            924            919            925            923            938            955            828
1.609962e+01    -1.292218e-01 -3.480014e-02 -2.070741e-01 -3.780052e-02  6.819521e-02 -5.977907e-02 -7.097492e-02  6.446015e-02  6.049007e-02 -1.925622e-01            925            925            929            924            919            925            923            939            956            825
1.619938e+01    -1.277940e-01 -9.831121e-03 -2.272275e-01 -5.593348e-02  4.252610e-02  3.638083e-02 -3.912588e-02 -1.742884e-02 -1.073460e-02 -1.424097e-01            925            925            929            924            919            925            923            939            956            824
1.629978e+01    -6.963333e-02  3.137353e-03 -2.221558e-01 -6.802428e-02  1.146529e-01  1.263151e-01  2.435829e-02 -1.373785e-01 -1.286880e-01 -7.893079e-02            925            925            929            924            919            925            923            939            956            823
1.639953e+01    -1.353354e-02 -1.004126e-02 -2.062992e-01 -8.559010e-02  1.322798e-01  1.073340e-01  3.637680e-02 -1.304775e-01 -1.090187e-01  4.398955e-02            925            925            929            924            919            925            923            939            957            825
1.649993e+01    -7.216909e-03 -1.073089e-01 -1.392035e-01 -3.205665e-02 -3.112718e-04  3.872421e-03 -5.140675e-03 -1.104913e-01 -6.435372e-02  3.290803e-01            925            925            929            925            919            925            923            939            958            824
1.659969e+01    -6.992657e-03 -1.665750e-01 -2.233496e-02  5.022550e-02 -1.251204e-02 -1.581710e-02 -5.403146e-02 -8.894897e-02 -2.958631e-02  9.561030e-01            925            925            929            925            920            925            923            939            958            824
1.669945e+01    -2.512783e-02 -2.017598e-01  6.971296e-02  2.980591e-02  1.322516e-02  1.767207e-01 -6.727561e-02 -6.793373e-02 -1.319774e-02 -2.805760e-01            925            925            929            925            920            925            923            939            956            824
1.679985e+01    -1.886814e-02 -1.481545e-01  2.948637e-02 -2.239824e-04  4.640240e-02  2.747891e-01 -8.451653e-02 -6.279066e-02  7.652592e-03 -7.775624e+00            925            925            929            925            920            925            923            939            956            823
1.689960e+01     9.992250e-03 -1.624041e-02 -1.390244e-01  1.554303e-03  6.238940e-02  3.673180e-01 -2.773206e-02 -8.738011e-02  3.224903e-02 -4.135113e+00            925            925            929            925            920            925            923            939            958            821
1.699936e+01     7.009724e-03 -6.222088e-02 -1.647940e-01  2.018760e-03  8.099928e-02  4.939830e-01  9.740675e-02 -1.076084e-01  6.820271e-02 -2.280599e+00            925            925            929            925            920            925            923            939            959            817
1.709976e+01     5.512703e-04 -1.705313e-01 -6.064417e-02 -6.809521e-03  1.004406e-01  6.922563e-01  1.061202e-01 -1.103561e-01  6.276727e-02 -9.757232e-01            925            925            929            925            920            925            923            939            959            817
1.719951e+01     1.234511e-02 -9.315749e-02 -2.526797e-02 -1.547529e-02  1.237279e-01  6.570095e-01  1.010905e-01 -9.365272e-02  5.988616e-02  4.535868e-02            925            925            929            925            920            925            923            939            960            811
1.729991e+01    -6.514981e-03  7.945922e-02 -2.871051e-02 -2.027400e-02  1.584672e-01 -3.200085e-01  6.317714e-02 -6.232377e-02  3.301748e-02  5.101569e-01            925            925            929            925            920            925            923            940            960            810
1.739967e+01    -6.057820e-03  8.177338e-02 -3.323705e-02 -1.794782e-02  2.243345e-01 -6.852266e-01  3.978540e-02 -1.688712e-03  4.859036e-02  6.442095e-01            925            925            929            925            920            925            923            940            961            806
1.749943e+01    -7.237256e-03  8.457157e-03 -4.772113e-02 -8.274277e-03  3.729911e-01 -4.735567e-01  8.460075e-02 -9.024039e-03  9.657725e-02  6.758230e-01            925            925            929            925            920            925            923            941            961            807
1.759983e+01    -2.070666e-02 -9.430749e-03 -6.188515e-02  9.804643e-03  4.846548e-01 -3.036167e-01  1.565923e-01  4.886422e-03  1.168387e-01  6.022491e-01            925            925            929            925            920            925            923            941            962            808
1.769958e+01     6.981068e-03  5.901816e-02 -6.087129e-02  1.637963e-02  6.034138e-01 -2.090710e-01  1.739154e-01  9.134811e-02  8.934808e-02  3.876160e-01            925            925            929            925            920            925            923            941            965            807
1.779998e+01     2.215001e-02  6.565728e-02 -4.608385e-02  8.836656e-02  7.126292e-01 -8.717648e-02  1.667922e-01  9.692868e-02  5.380282e-02  3.768345e-01            925            925            929            925            920            925            923            941            966            806
1.789974e+01     2.816411e-02  8.555006e-02 -1.861216e-02  2.071949e-01  8.841696e-01  3.818968e-02  1.895232e-01  8.021750e-02  4.661786e-02  7.106748e-01            925            925            929            925            920            925            923            941            966            808
1.799949e+01     2.631612e-02  9.350147e-02 -2.904023e-02  2.559063e-01  1.139587e+00  1.079621e-01  2.969130e-01  6.902722e-02  6.327332e-02  1.233147e+00            925            925            929            925            920            925            923            941            967            804
1.809989e+01     2.608408e-03  3.924235e-02 -4.188559e-02  2.324242e-01  1.411356e+00  2.145836e-01  4.703924e-01  3.781001e-02  3.998624e-02  1.633939e+00            925            925            929            925            920            925            923            941            968            804
1.819965e+01     3.458158e-02  5.967894e-02 -3.725707e-02 -3.472842e-02  1.423782e+00  3.719561e-01  7.330157e-01  4.089175e-02  3.638901e-02  1.435273e+00            925            925            929            925            920            925            923            941            968            802
1.829941e+01     1.393948e-01  1.262511e-01 -2.627252e-02 -2.200894e-01  6.155918e-01  2.993423e-01  7.066017e-01  1.289272e-02  3.386009e-02  7.771690e-01            925            925            929            925            920            925            923            942            969            801
1.839981e+01     1.701472e-01  1.067751e-01 -2.067197e-02 -2.174258e-01 -7.819693e-01 -2.770723e-01 -3.673482e-01 -5.542925e-03 -1.746850e-03  4.262224e-01            925            925            929            925            920            925            923            942            969            799
1.849956e+01     1.406141e-01  6.293031e-02  1.463936e-02 -1.286348e-01 -1.453656e+00 -3.894608e-01 -7.425881e-01 -1.895099e-03 -1.267347e-02  4.311281e-01            925            925            929            924            920            925            923            942            969            797
1.859996e+01    -1.747512e-02  5.526288e-02  6.401186e-02 -4.853559e-02 -1.372651e+00 -2.781929e-01 -5.738379e-01  6.801645e-03  7.210128e-02  9.373794e-01            925            925            929            924            920            925            923            942            969            795
1.869972e+01    -1.742433e-01  1.160485e-01  5.149646e-02 -2.877122e-02 -1.085185e+00 -2.124728e-01 -4.276746e-01 -2.427511e-02  9.422245e-02  2.945816e+00            925            925            929            924            920            925            923            941            970            793
1.879947e+01    -1.208875e-01  1.812099e-01 -1.914023e-02 -9.778853e-02 -8.249794e-01 -1.665396e-01 -3.358783e-01 -2.220206e-02  8.102684e-02  1.900254e+01            925            925            929            923            920            925            923            942            971            791
1.889987e+01    -5.084472e-02  2.080066e-01 -3.277791e-02 -1.077906e-01 -6.288204e-01 -1.365903e-01 -2.488342e-01  2.169283e-03  4.114065e-02 -2.339170e+01            924            925            929            923            920            925            923            941            972            790
1.899963e+01    -3.236924e-02  2.178376e-01 -8.894350e-04 -1.219867e-02 -4.746054e-01 -1.145375e-01 -1.708946e-01  2.008367e-02  5.853150e-02  1.066771e+00            924            925            929            923            920            925            923            941            972            790
1.909939e+01    -3.219703e-02  1.969392e-01  4.669078e-02 -1.906995e-03 -3.324725e-01 -1.059203e-01 -1.223940e-01  3.606056e-02  1.236067e-01 -1.154831e+01            924            925            929            923            920            925            923            941            972            787
1.919978e+01    -6.707531e-02 -1.279478e-02  9.580649e-02 -4.974802e-02 -1.600631e-01 -8.045155e-02 -9.436095e-02  1.752133e-02  8.701768e-02 -1.577994e+01            924            925            929            923            920            925            924            941            972            784
1.929954e+01    -6.972296e-02 -2.102155e-01  1.515119e-01 -7.512405e-02 -1.062808e-01 -5.234735e-02 -1.048866e-01 -7.668027e-03  4.699857e-02 -3.178684e+00            924            925            929            923            920            925            924            941            972            782
1.939994e+01    -1.872236e-02 -1.930773e-01  1.338559e-01 -4.004237e-02 -3.336962e-01 -5.281799e-02 -1.141413e-01 -4.317429e-02  2.751694e-02 -2.199488e-01            924            925            929            923            920            925            924            941            973            773
1.949970e+01    -1.845019e-02 -1.346798e-01  1.117540e-02  1.722427e-02 -4.134529e-01 -4.553060e-02 -1.194779e-01 -5.086360e-02  2.501457e-02  5.413808e-02            924            925            929            923            920            925            924            941            973            774
1.959945e+01    -2.166752e-02 -8.482753e-02 -1.091919e-01  2.242424e-02 -3.500576e-01 -2.995825e-02 -1.391310e-01 -1.590914e-02  3.971524e-02  9.189354e-01            924            925            929            923            920            925            924            941            973            774
1.969985e+01    -1.878064e-02 -5.343759e-02 -1.523100e-01 -3.036188e-02 -2.794295e-01 -6.116452e-04 -7.445145e-02  1.209788e-02  3.160721e-02  1.238028e+00            924            925            929            923            920            925            924            941            974            772
1.979961e+01    -2.077859e-03 -5.061694e-02 -1.691498e-01 -1.889542e-02 -2.045859e-01  6.555606e-03  6.785673e-02  3.668886e-02  3.761750e-02  6.164517e-01            924            925            929            923            920            925            924            941            975            771
1.989936e+01    -1.615205e-02 -3.564769e-02 -1.232213e-01 -8.932835e-03 -1.636669e-01  3.995613e-02  8.435357e-02  4.502327e-02  4.925366e-02 -1.573340e-02            924            925            929            923            920            925            924            941            972            772
1.999976e+01    -2.489693e-02 -3.860881e-02 -1.050174e-01 -1.736154e-02 -1.634365e-01  6.502569e-02  4.467394e-02  3.875315e-02  5.871511e-02 -3.281440e-01            924            925            929            923            920            925            925            941            973            765
2.009952e+01    -1.472094e-02 -6.329558e-02 -1.293935e-01 -4.441450e-06 -1.404393e-01  6.663936e-02  1.432582e-02 -6.561547e-02  8.232531e-02 -3.438997e-01            924            925            929            923            920            925            924            941            973            764
2.019992e+01     3.728692e-02 -6.424242e-02 -1.032424e-01  4.436060e-02 -1.139424e-01  5.039693e-02  1.297701e-02 -1.160498e-01  1.777833e-01  5.942822e-03            924            925            929            923            920            925            924            940            974            764
2.029968e+01     6.503041e-02  4.188560e-02 -8.714609e-02  3.593448e-02 -9.834268e-02  5.321130e-02  4.439779e-03 -7.874076e-02  3.316432e-01  4.755448e-01            924            925            929            923            920            925            924            940            974            762
2.039943e+01     7.044250e-02  1.190760e-01 -8.301207e-02 -4.858224e-02 -8.390832e-02  3.242517e-02 -4.689766e-02 -5.334607e-02  3.936131e-01  7.862787e-01            924            925            929            923            920            925            925            940            974            756
2.049983e+01     5.004240e-02  9.861937e-02 -5.750309e-02 -1.028854e-01 -8.632464e-02 -4.820308e-02 -6.731442e-02 -5.805427e-02  1.953639e-01  1.122176e+00            924            925            929            923            920            925            925            941            975            754
2.059959e+01    -5.448984e-02  5.753769e-02 -2.808196e-02 -5.932494e-02 -1.223692e-01 -3.850598e-02  4.929150e-02 -3.206561e-02 -8.237445e-02  4.510844e-01            924            925            929            923            920            925            925            941            974            752
2.069999e+01    -9.114837e-02  2.232871e-02 -1.892826e-02 -2.776459e-02 -1.578428e-01  5.507809e-03  9.308656e-02  1.092696e-01 -3.466998e-01  2.376434e-01            924            925            929            923            920            925            925            942            974            749
2.079974e+01    -3.721147e-02 -1.784232e-02 -4.739398e-02 -7.114114e-02 -1.059046e-01  9.652266e-02  2.290237e-02  4.260705e-01 -2.885499e-01 -5.899490e-01            924            925            929            923            920            925            925            942            974            745
2.089950e+01    -1.214205e-02 -4.068920e-02 -9.904155e-02 -7.526141e-02 -3.955876e-02  7.448178e-02 -7.225800e-03  4.991372e-01 -1.923584e-01 -2.092554e+00            924            925            929            923            920            925            925            942            974            742
2.099990e+01    -2.265373e-02 -1.778280e-02 -9.919321e-02 -4.132157e-02 -6.537816e-03 -2.247630e-01 -1.229413e-02 -5.502349e-02 -2.255616e-01 -1.057139e+00            924            925            929            923            920            925            925            942            974            735
2.109966e+01    -2.974507e-02  2.327239e-02 -6.726749e-02  1.476934e-02 -1.043239e-01 -3.438572e-01 -1.031791e-02 -3.408971e-01 -2.314902e-01 -2.307165e-01            924            925            929            923            920            925            925            942            974            734
2.119941e+01    -3.285498e-02  4.255206e-02 -5.261742e-02  2.084102e-02 -1.892038e-01 -3.704814e-01  2.932428e-03 -2.481657e-01 -1.961284e-01 -2.096661e+00            924            925            929            923            920            925            925            942            974            729
2.129981e+01    -3.379865e-02  6.071086e-02 -5.084368e-02 -3.590661e-03 -2.283542e-01 -3.780644e-01 -1.204893e-02 -1.961148e-01 -2.085017e-01 -4.204383e+00            924            925            929            924            920            925            925            942            973            725
2.139957e+01    -2.893145e-02  9.455442e-02 -1.381394e-02 -5.142193e-04 -2.025129e-01 -1.132157e-01 -2.116306e-02 -1.724179e-01 -2.399138e-01 -3.083696e+00            924            925            929            924            920            925            925            942            973            724
2.149997e+01    -4.554593e-02  9.312444e-02  1.509161e-02  7.202824e-03  1.013779e-02  1.840277e-01 -1.395885e-02 -1.346189e-01 -1.759416e-01 -1.566894e+00            925            925            929            924            920            925            926            942            973            723
2.159972e+01    -5.818407e-02  1.155513e-02 -5.091869e-03  9.102247e-03  1.807623e-01  2.109178e-01 -1.184709e-02 -1.696321e-02  8.873377e-02 -7.670031e-01            925            925            929            924            921            925            926            941            974            720
2.169948e+01    -6.220866e-02  1.351476e-02 -2.529299e-02 -1.686182e-02  1.298129e-01  1.778413e-01 -4.764974e-02  4.948168e-02  2.740828e-01 -1.137577e+00            925            925            929            924            921            925            926            941            973            715
2.179988e+01    -6.952343e-03  2.948497e-02 -2.572512e-02 -3.430661e-02  8.122620e-02  8.393206e-02 -8.410846e-02 -2.755506e-02  2.136147e-01 -9.953934e-01            925            925            929            924            921            925            926            941            973            710
2.189964e+01     5.592154e-02  2.257179e-02 -4.836904e-02 -1.443311e-02  6.342556e-02  6.411567e-02 -8.624686e-02 -5.325447e-02  1.288804e-01 -2.548416e-01            925            925            929            924            921            926            926            941            973            711
2.199939e+01     3.281586e-02  5.870270e-03 -2.989586e-02 -3.978314e-03  4.832616e-02  1.331459e-01 -1.008683e-01 -2.787252e-02  1.078751e-01 -2.707863e-01            925            925            929            924            921            926            926            941            973            710
2.209979e+01    -1.683014e-02 -5.274698e-02 -5.961150e-03  3.675997e-03  4.538077e-02  1.154456e-01 -8.240952e-02 -1.030422e-02  1.315815e-01 -3.147993e-01            925            925            929            924            921            926            926            942            974            705
2.219955e+01    -4.568863e-02 -8.668629e-02  3.300908e-04  6.967305e-03  2.385513e-02  9.629417e-02 -6.526955e-02 -2.523194e-02  1.496027e-01 -2.654721e-01            925            925            929            925            921            926            926            943            973            703
2.229995e+01    -2.897821e-02 -9.606752e-02  8.145157e-03  8.611534e-03  1.973275e-02  1.052697e-01 -4.564864e-02 -2.709097e-02 -1.024679e-01 -3.904525e-01            925            925            929            925            921            926            926            944            973            700
2.239970e+01     2.623295e-02 -1.456889e-01 -4.410123e-02 -9.005190e-03  2.242844e-02  1.483524e-01 -4.945999e-02 -1.373194e-02 -2.795219e-01 -7.309705e-01            925            925            929            925            921            927            926            944            972            699
2.249946e+01     3.182901e-02 -1.739310e-01 -4.322227e-02 -5.413496e-02  4.015877e-02  1.175331e-01 -6.712251e-02 -2.651992e-02 -2.265232e-01 -9.918503e-01            925            925            930            925            921            928            926            944            974            697
2.259986e+01     7.741659e-02 -1.923111e-01 -3.104196e-02 -8.988611e-02  5.979063e-02 -1.340289e-01 -1.053526e-01 -2.922262e-02 -1.254932e-01 -8.586143e-01            925            925            930            925            921            928            927            944            973            695
2.269962e+01     1.623627e-01 -1.270925e-01 -8.640909e-02 -1.293630e-01  7.702986e-02 -1.237104e-01 -1.180386e-01 -3.228513e-02 -1.066784e-02 -4.594442e-01            925            925            930            925            921            928            927            944            974            693
2.279937e+01     1.570709e-01 -3.766026e-02 -1.554966e-01 -2.185984e-01  1.032510e-01 -4.146049e-02 -1.571094e-01 -2.349695e-02 -1.210586e-02 -1.387895e-01            925            925            930            925            921            928            927            944            974            691
2.289977e+01     6.039809e-03  5.558602e-02 -1.703949e-01 -3.292463e-01  1.285041e-01  7.059899e-03 -4.784997e-02 -8.000760e-03 -5.144758e-02 -2.168232e-01            925            925            930            925            921            928            927            945            973            692
2.299953e+01    -6.322107e-02  9.471327e-02 -1.619072e-01 -2.314323e-01  7.844286e-02  4.618837e-02  1.937457e-01  6.382287e-03 -8.512302e-02 -3.851710e-01            925            925            931            925            921            928            927            945            973            689
2.309993e+01    -2.661654e-02  7.173746e-02 -3.129851e-02  6.509510e-02 -4.212836e-02  6.133006e-02  1.867466e-01  1.045477e-02 -6.525686e-02 -3.764820e-01            925            925            931            925            921            928            927            945            973            686
2.319968e+01     2.855673e-02  1.993640e-02  4.222976e-02  2.234417e-01 -6.765558e-02  3.668640e-02  1.086601e-01  1.831835e-02 -1.961036e-02 -2.946785e-01            925            925            931            925            921            928            927            946            973            681
2.329944e+01     5.054313e-02 -1.568987e-02  1.086767e-02  1.745152e-01 -7.926478e-02 -1.835072e-02  6.881146e-02  5.386537e-02 -8.723532e-03 -3.905362e-02            925            925            931            925            921            928            927            946            975            675
2.339984e+01     8.028380e-02 -2.324824e-02 -1.807632e-02  1.105696e-01 -7.879921e-02 -1.498002e-01  5.008061e-02  9.206260e-02 -3.640906e-02  8.752514e-02            925            925            931            925            921            928            927            946            977            669
2.349960e+01     1.205520e-01  1.516510e-02 -2.592676e-02  1.085693e-01 -3.297911e-02 -1.517301e-01  4.318987e-02  1.095834e-01 -4.321524e-02  1.090037e-01            925            925            931            925            921            928            927            946            977            667
2.360000e+01     1.229001e-01 -2.763045e-02 -2.448921e-02  1.044292e-01  2.475663e-02 -1.362863e-01  2.963864e-02  1.205314e-01  1.071623e-02  2.356974e-01            925            925            931            925            921            928            928            946            977            664
2.369975e+01    -2.139937e-02 -2.736626e-02  4.578394e-04  4.785510e-02  1.784285e-02 -1.209160e-01  3.329499e-02  3.440531e-02 -1.028422e-02  2.233500e-01            925            925            931            925            921            928            928            946            978            664
2.379951e+01    -1.773975e-01 -4.282682e-02  4.730314e-02 -1.412321e-03 -6.005059e-02 -1.001652e-01  2.127671e-02 -9.900930e-02 -3.202278e-02  2.131858e-01            925            925            931            925            921            928            928            946            978            660
2.389991e+01    -2.179409e-01 -5.410651e-02  2.086106e-02 -2.788725e-02 -6.154421e-02 -2.632770e-02 -2.265277e-02 -9.393013e-02 -3.063058e-02  1.893075e-01            925            925            931            925            921            928            928            946            978            659
2.399966e+01    -1.605451e-01 -2.026578e-02 -5.443672e-02 -7.257297e-02 -2.082924e-02 -1.191069e-02 -2.557202e-02 -7.341743e-02  3.771175e-02  1.400532e-01            925            925            931            925            921            928            928            946            978            656
2.409942e+01    -8.041968e-02  6.612130e-02 -1.158736e-01 -7.378761e-02  5.721123e-02 -7.500467e-02 -1.381794e-02 -6.042971e-02  2.301495e-02 -7.491067e-02            925            925            931            925            921            928            928            946            979            650
2.419982e+01    -6.927948e-02  7.362456e-02 -1.375954e-01 -2.931018e-02  1.253425e-02 -7.795989e-02 -1.122567e-02 -3.854176e-02  3.356451e-02  6.280935e-02            925            925            931            925            921            928            928            946            979            646
2.429958e+01    -6.145940e-02  6.455937e-02 -1.442323e-01  5.673166e-02 -1.251149e-01 -2.314934e-03 -1.432280e-03 -8.917677e-03  1.274887e-01  2.942829e-01            925            925            931            925            921            928            928            946            978            643
2.439997e+01    -3.542822e-02  4.436102e-02 -1.224104e-01  1.167184e-01 -2.664679e-01  3.410664e-02  4.001500e-02  1.113172e-02  1.494430e-01  3.225298e-01            925            925            931            925            921            928            928            947            979            637
2.449973e+01    -1.867462e-02  6.345690e-03 -1.404609e-01  1.573347e-01 -2.847478e-01  2.948212e-02  5.821738e-02  1.390956e-02  1.339303e-01  2.858148e-01            925            925            931            925            921            928            928            947            980            631
2.459949e+01    -1.453932e-02 -4.498934e-02 -1.788070e-01  9.297652e-02 -2.807414e-01  6.574618e-03  5.041623e-02  8.876862e-03  1.504511e-01  1.288209e-01            925            925            931            925            921            928            928            947            981            629
2.469989e+01    -1.672866e-02 -3.575466e-02 -1.848096e-01  1.094211e-02 -1.313809e-01 -2.989701e-02  6.938994e-02 -3.124275e-02  1.919178e-01  8.275630e-02            925            925            931            925            921            928            928            947            981            621
2.479964e+01    -2.130482e-02 -5.258987e-02 -1.583128e-01  5.560721e-03  1.341554e-01 -3.312174e-02  6.958974e-02 -3.712735e-02  2.515022e-01  1.592560e-01            925            925            931            925            921            928            928            948            980            618
2.489940e+01    -2.063430e-02 -6.631944e-02 -1.407729e-01  3.856069e-02  1.538155e-01 -1.829766e-02  2.162351e-02 -4.013804e-02  3.157992e-01  4.763096e-01            925            925            931            925            921            928            928            948            980            614
2.499980e+01    -1.645231e-02 -3.705578e-02 -1.724485e-01  6.371670e-02  1.214614e-01  9.546284e-03 -5.038636e-02 -4.545660e-02  1.454386e-01  1.027710e+00            925            925            931            925            921            928            928            948            979            611
2.509955e+01    -8.493252e-03 -1.267937e-02 -2.097870e-01  6.066171e-02  1.024946e-01  6.081206e-02 -5.122487e-02 -5.847019e-02 -1.130778e-01  2.328347e+00            925            925            931            925            921            928            928            950            979            613
2.519995e+01     3.728021e-03  2.758180e-05 -2.374974e-01  8.779335e-02  7.754172e-02  5.157974e-02 -4.721453e-02 -8.114159e-02 -1.901273e-01  8.383008e+00            925            925            931            925            921            928            928            950            979            610
2.529971e+01    -5.564925e-02 -1.160258e-02 -2.984537e-01  4.607064e-02 -2.688654e-02  7.733377e-02 -6.028468e-02 -7.949541e-02 -1.840206e-01 -1.004824e+02            925            925            931            925            921            928            928            950            981            602
2.539947e+01    -9.298594e-02 -6.073502e-02 -3.639073e-01  1.833387e-03 -8.901962e-02  1.403532e-01 -8.500986e-02 -8.363164e-02 -1.872986e-01 -8.179974e+00            925            925            931            925            921            928            928            950            981            600
2.549987e+01    -8.173195e-02 -1.148624e-01 -4.453607e-01  3.263769e-02 -4.844374e-02  2.597030e-01 -1.057674e-01 -1.049512e-01 -1.880080e-01 -2.416217e-01            925            925            931            925            921            928            928            951            981            598
2.559962e+01    -8.875803e-02 -1.396718e-01 -5.503309e-01  8.133442e-02 -1.333909e-02  2.126291e-01 -1.299072e-01 -1.432018e-01 -5.273293e-02  1.406021e+00            925            925            931            925            921            928            929            951            981            590
2.569938e+01    -1.041512e-01 -1.599155e-01 -5.994186e-01  1.075785e-01  9.776518e-03 -3.885803e-01 -1.711362e-01 -1.486462e-01  1.574623e-01 -2.184924e+00            925            925            931            925            921            928            929            951            981            588
2.579978e+01    -9.895393e-02 -1.882230e-01 -4.641100e-01  1.931304e-01  2.550232e-02 -5.970771e-01 -1.889891e-01 -3.049299e-03  2.085629e-01 -3.160790e+00            925            925            931            925            921            928            929            951            980            584
2.589953e+01    -8.128076e-02 -1.330998e-01 -2.426514e-01  3.159836e-01  3.607756e-02 -4.587370e-01 -2.168459e-01  1.413229e-01  1.414444e-01 -2.410662e+00            925            925            931            925            921            928            929            951            981            577
2.599993e+01    -1.177487e-01  6.803236e-02 -2.924543e-01  4.388689e-01  5.078085e-02 -4.003909e-01 -2.803859e-01  1.543856e-01  1.217932e-01 -1.878840e+00            925            925            931            925            921            928            929            951            981            572
2.609969e+01    -1.572772e-01  2.327293e-01 -4.567161e-01  4.078104e-01  5.621277e-02 -4.815456e-01 -3.308916e-01  1.431737e-01  1.460229e-01 -1.543179e+00            925            925            931            925            921            928            930            951            982            569
2.619945e+01    -1.538422e-01  2.133577e-01 -5.183032e-01  3.091044e-01  6.411309e-02 -6.169516e-01  1.660353e-02  1.091277e-01  2.093707e-01 -1.007335e+00            925            925            931            925            921            928            930            951            982            561
2.629985e+01    -1.457055e-01  1.180977e-01 -4.429701e-01  6.792408e-03  1.107143e-01 -3.883738e-01  4.263075e-01  1.848325e-02  1.967304e-01 -2.464054e-01            925            925            931            925            921            928            930            951            983            557
2.639960e+01    -1.740508e-01  4.456221e-02 -2.943926e-01 -5.097606e-01  1.084191e-01  2.911485e-01  3.015595e-01 -5.120574e-02  1.693125e-01 -2.051889e-01            925            925            931            925            921            928            930            951            983            550
2.649936e+01    -1.879792e-01  2.572401e-02 -1.452466e-01 -5.739026e-01 -2.499400e-02  5.157202e-01  1.774003e-01 -3.938503e-02  1.643266e-01 -2.154529e-01            925            925            931            925            921            928            930            951            983            544
2.659976e+01    -1.839085e-01  2.891186e-02  4.520902e-02 -4.833119e-01 -8.593312e-02  3.942811e-01  1.159425e-01 -7.619201e-03  1.923341e-01  1.714277e-01            925            925            930            925            921            928            930            952            984            541
2.669951e+01    -2.385523e-01  3.665467e-02  2.781594e-01 -4.579384e-01 -7.214569e-02  2.777856e-01  4.713712e-02 -2.050396e-02  2.274771e-01  2.722298e-01            925            925            930            925            921            928            930            952            984            539
2.679991e+01    -3.270410e-01  3.705090e-02  5.008198e-01 -4.669990e-01 -4.846663e-02  1.996046e-01 -2.401535e-02 -3.073325e-02  1.978801e-01  2.139165e-02            925            925            930            925            921            928            930            952            985            533
2.689967e+01    -3.780798e-01  3.903580e-02  6.320064e-01 -4.937741e-01 -3.308389e-02  1.245544e-01  2.195420e-03 -1.091294e-02  1.331623e-01 -9.161971e-02            925            925            930            925            921            928            930            952            985            533
2.699943e+01    -4.026478e-01  3.002050e-02  6.139575e-01 -4.084863e-01 -2.061957e-02  3.912123e-02  2.199960e-01  1.157079e-02  4.375055e-02 -1.184950e-01            925            925            929            925            921            928            930            952            987            532
2.709983e+01    -4.013075e-01  4.165772e-02  5.608317e-01  1.424441e-02 -1.140775e-04 -7.312379e-02  3.386670e-01  5.372586e-02  9.291852e-02 -1.002678e-01            925            925            929            925            921            928            930            953            988            524
2.719958e+01    -3.681173e-01  5.473313e-02  5.414294e-01  3.617062e-01  5.787197e-02 -1.463799e-01  3.217492e-01  1.236188e-01  1.808492e-01 -7.624578e-02            925            925            929            925            921            928            930            954            988            522
2.729998e+01    -2.954813e-01  7.387211e-02  5.074849e-01  3.484972e-01  1.069011e-01 -3.331254e-02  9.249033e-02  1.036743e-01  2.420241e-01 -1.665421e-02            925            925            929            925            921            928            930            954            988            517
2.739974e+01    -1.869856e-01  9.231530e-02  4.001357e-01  2.142077e-01  9.038263e-02  2.651476e-01 -1.161102e-01  6.581087e-02  2.639948e-01  1.391919e-01            925            925            929            925            921            928            931            954            989            509
2.749949e+01    -4.426302e-02  6.435693e-02  1.501981e-01  1.351692e-01 -1.121771e-01  2.197387e-01 -1.116256e-01  1.055606e-01  8.632869e-02  3.335040e-01            924            925            929            925            921            928            931            954            988            503
2.759989e+01     2.127342e-01  2.370436e-02  9.330102e-02  9.668994e-02 -1.917962e-01  4.168712e-02 -1.228522e-01  1.566538e-01  2.323931e-02  3.668077e-01            924            925            929            925            921            928            931            954            988            496
2.769965e+01     4.511018e-01  5.891002e-03  2.275214e-01 -2.644346e-02 -1.709191e-01 -1.469945e-02 -1.010620e-01  1.270916e-01 -2.924878e-02  3.037335e-01            924            925            929            925            921            928            931            954            989            487
2.779941e+01     4.615527e-01  3.212246e-02  3.427283e-01 -6.127977e-02 -1.124842e-01 -2.069641e-02 -1.197685e-02 -1.415825e-01 -5.730393e-03  1.777280e-01            924            925            929            925            921            928            931            954            991            486
2.789981e+01     4.020896e-01  5.588305e-02  3.431524e-01 -2.980240e-02 -5.280925e-02  8.955839e-03  1.261163e-01 -2.531036e-01  3.585774e-02  6.840838e-02            924            925            929            924            921            928            931            954            991            482
2.799956e+01     3.451862e-01  3.000869e-02  2.563639e-01 -1.424721e-02 -6.174689e-02  2.451134e-02  1.132251e-01 -2.233124e-01 -6.882887e-04  9.106626e-02            924            925            929            924            921            928            931            954            991            476
2.809996e+01     3.084422e-01  3.816623e-02  1.607420e-01 -2.469841e-02 -7.461602e-02  1.297229e-02  8.194432e-02 -1.819803e-01 -9.009526e-02  1.670609e-01            924            925            929            924            921            928            931            954            992            470
2.819972e+01     3.099089e-01  5.851116e-02  1.278575e-01 -9.013224e-03 -1.171103e-01 -2.780734e-03  7.169818e-02 -2.200511e-01 -1.123489e-01  7.879396e-02            924            925            929            924            921            928            931            954            992            470
2.829947e+01     2.654931e-01  5.609332e-02  1.289588e-01  5.919189e-02 -1.802497e-01 -3.071383e-02  3.190168e-02 -3.039091e-01  8.142872e-02  1.153676e-02            924            925            929            924            921            928            931            954            993            462
