# Particle id
# Time in code units
# x in code units
# y in code units
# z in code units
# vx in code units
# vy in code units
# vz in code units
#id   t              x              y              z              vx             vy             vz          
0     0.000000e+00   0.000000e+00   0.000000e+00   0.000000e+00   0.000000e+00   0.000000e+00   0.000000e+00
1     0.000000e+00   8.775826e-01   4.794255e-01   0.000000e+00  -3.012320e+00   5.514014e+00   0.000000e+00
0     9.985257e-02   0.000000e+00   0.000000e+00   0.000000e+00   0.000000e+00   0.000000e+00   0.000000e+00
1     9.985257e-02   4.290169e-01   9.032965e-01   0.000000e+00  -5.675579e+00   2.695593e+00   0.000000e+00
0     1.996333e-01   0.000000e+00   0.000000e+00   0.000000e+00   0.000000e+00   0.000000e+00   0.000000e+00
1     1.996333e-01  -1.825078e-01   9.832044e-01   0.000000e+00  -6.177656e+00  -1.146730e+00   0.000000e+00
0     2.994142e-01   0.000000e+00   0.000000e+00   0.000000e+00   0.000000e+00   0.000000e+00   0.000000e+00
1     2.994142e-01  -7.246173e-01   6.891515e-01   0.000000e+00  -4.330067e+00  -4.552904e+00   0.000000e+00
0     3.998361e-01   0.000000e+00   0.000000e+00   0.000000e+00   0.000000e+00   0.000000e+00   0.000000e+00
1     3.998361e-01  -9.916461e-01   1.289881e-01   0.000000e+00  -8.104560e-01  -6.230696e+00   0.000000e+00
0     4.996105e-01   0.000000e+00   0.000000e+00   0.000000e+00   0.000000e+00   0.000000e+00   0.000000e+00
1     4.996105e-01  -8.787532e-01  -4.772765e-01   0.000000e+00   2.998816e+00  -5.521369e+00   0.000000e+00
0     5.993815e-01   0.000000e+00   0.000000e+00   0.000000e+00   0.000000e+00   0.000000e+00   0.000000e+00
1     5.993815e-01  -4.316883e-01  -9.020228e-01   0.000000e+00   5.667577e+00  -2.712378e+00   0.000000e+00
0     6.997936e-01   0.000000e+00   0.000000e+00   0.000000e+00   0.000000e+00   0.000000e+00   0.000000e+00
1     6.997936e-01   1.834983e-01  -9.830200e-01   0.000000e+00   6.176497e+00   1.152954e+00   0.000000e+00
0     7.995596e-01   0.000000e+00   0.000000e+00   0.000000e+00   0.000000e+00   0.000000e+00   0.000000e+00
1     7.995596e-01   7.252464e-01  -6.884894e-01   0.000000e+00   4.325907e+00   4.556858e+00   0.000000e+00
0     8.999675e-01   0.000000e+00   0.000000e+00   0.000000e+00   0.000000e+00   0.000000e+00   0.000000e+00
1     8.999675e-01   9.917523e-01  -1.281689e-01   0.000000e+00   8.053092e-01   6.231364e+00   0.000000e+00
0     9.997304e-01   0.000000e+00   0.000000e+00   0.000000e+00   0.000000e+00   0.000000e+00   0.000000e+00
1     9.997304e-01   8.783935e-01   4.779382e-01   0.000000e+00  -3.002974e+00   5.519109e+00   0.000000e+00
0     1.099492e+00   0.000000e+00   0.000000e+00   0.000000e+00   0.000000e+00   0.000000e+00   0.000000e+00
1     1.099492e+00   4.310618e-01   9.023224e-01   0.000000e+00  -5.669459e+00   2.708441e+00   0.000000e+00
0     1.199896e+00   0.000000e+00   0.000000e+00   0.000000e+00   0.000000e+00   0.000000e+00   0.000000e+00
1     1.199896e+00  -1.841334e-01   9.829013e-01   0.000000e+00  -6.175751e+00  -1.156944e+00   0.000000e+00
0     1.299656e+00   0.000000e+00   0.000000e+00   0.000000e+00   0.000000e+00   0.000000e+00   0.000000e+00
1     1.299656e+00  -7.256652e-01   6.880480e-01   0.000000e+00  -4.323133e+00  -4.559489e+00   0.000000e+00
0     1.399416e+00   0.000000e+00   0.000000e+00   0.000000e+00   0.000000e+00   0.000000e+00   0.000000e+00
1     1.399416e+00  -9.913021e-01   1.316061e-01   0.000000e+00  -8.269058e-01  -6.228535e+00   0.000000e+00
0     1.499818e+00   0.000000e+00   0.000000e+00   0.000000e+00   0.000000e+00   0.000000e+00   0.000000e+00
1     1.499818e+00  -8.781295e-01  -4.784231e-01   0.000000e+00   3.006021e+00  -5.517450e+00   0.000000e+00
0     1.599577e+00   0.000000e+00   0.000000e+00   0.000000e+00   0.000000e+00   0.000000e+00   0.000000e+00
1     1.599577e+00  -4.305825e-01  -9.025512e-01   0.000000e+00   5.670896e+00  -2.705430e+00   0.000000e+00
0     1.699978e+00   0.000000e+00   0.000000e+00   0.000000e+00   0.000000e+00   0.000000e+00   0.000000e+00
1     1.699978e+00   1.846379e-01  -9.828066e-01   0.000000e+00   6.175156e+00   1.160114e+00   0.000000e+00
0     1.799736e+00   0.000000e+00   0.000000e+00   0.000000e+00   0.000000e+00   0.000000e+00   0.000000e+00
1     1.799736e+00   7.260080e-01  -6.876862e-01   0.000000e+00   4.320860e+00   4.561643e+00   0.000000e+00
0     1.899493e+00   0.000000e+00   0.000000e+00   0.000000e+00   0.000000e+00   0.000000e+00   0.000000e+00
1     1.899493e+00   9.913659e-01  -1.311245e-01   0.000000e+00   8.238798e-01   6.228936e+00   0.000000e+00
0     1.999894e+00   0.000000e+00   0.000000e+00   0.000000e+00   0.000000e+00   0.000000e+00   0.000000e+00
1     1.999894e+00   8.779020e-01   4.788403e-01   0.000000e+00  -3.008642e+00   5.516021e+00   0.000000e+00
0     2.099651e+00   0.000000e+00   0.000000e+00   0.000000e+00   0.000000e+00   0.000000e+00   0.000000e+00
1     2.099651e+00   4.301614e-01   9.027520e-01   0.000000e+00  -5.672158e+00   2.702784e+00   0.000000e+00
0     2.199408e+00   0.000000e+00   0.000000e+00   0.000000e+00   0.000000e+00   0.000000e+00   0.000000e+00
1     2.199408e+00  -1.811139e-01   9.834621e-01   0.000000e+00  -6.179275e+00  -1.137972e+00   0.000000e+00
0     2.299808e+00   0.000000e+00   0.000000e+00   0.000000e+00   0.000000e+00   0.000000e+00   0.000000e+00
1     2.299808e+00  -7.263198e-01   6.873569e-01   0.000000e+00  -4.318791e+00  -4.563602e+00   0.000000e+00
0     2.399565e+00   0.000000e+00   0.000000e+00   0.000000e+00   0.000000e+00   0.000000e+00   0.000000e+00
1     2.399565e+00  -9.914246e-01   1.306797e-01   0.000000e+00  -8.210847e-01  -6.229305e+00   0.000000e+00
0     2.499965e+00   0.000000e+00   0.000000e+00   0.000000e+00   0.000000e+00   0.000000e+00   0.000000e+00
1     2.499965e+00  -8.776890e-01  -4.792307e-01   0.000000e+00   3.011095e+00  -5.514683e+00   0.000000e+00
0     2.599721e+00   0.000000e+00   0.000000e+00   0.000000e+00   0.000000e+00   0.000000e+00   0.000000e+00
1     2.599721e+00  -4.297629e-01  -9.029418e-01   0.000000e+00   5.673351e+00  -2.700280e+00   0.000000e+00
0     2.699478e+00   0.000000e+00   0.000000e+00   0.000000e+00   0.000000e+00   0.000000e+00   0.000000e+00
1     2.699478e+00   1.815454e-01  -9.833826e-01   0.000000e+00   6.178775e+00   1.140684e+00   0.000000e+00
0     2.799877e+00   0.000000e+00   0.000000e+00   0.000000e+00   0.000000e+00   0.000000e+00   0.000000e+00
1     2.799877e+00   7.266198e-01  -6.870397e-01   0.000000e+00   4.316798e+00   4.565487e+00   0.000000e+00
0     2.899634e+00   0.000000e+00   0.000000e+00   0.000000e+00   0.000000e+00   0.000000e+00   0.000000e+00
1     2.899634e+00   9.914814e-01  -1.302487e-01   0.000000e+00   8.183765e-01   6.229661e+00   0.000000e+00
0     2.999390e+00   0.000000e+00   0.000000e+00   0.000000e+00   0.000000e+00   0.000000e+00   0.000000e+00
1     2.999390e+00   8.794136e-01   4.760586e-01   0.000000e+00  -2.991164e+00   5.525518e+00   0.000000e+00
0     3.099790e+00   0.000000e+00   0.000000e+00   0.000000e+00   0.000000e+00   0.000000e+00   0.000000e+00
1     3.099790e+00   4.293727e-01   9.031274e-01   0.000000e+00  -5.674517e+00   2.697829e+00   0.000000e+00
0     3.199546e+00   0.000000e+00   0.000000e+00   0.000000e+00   0.000000e+00   0.000000e+00   0.000000e+00
1     3.199546e+00  -1.819692e-01   9.833042e-01   0.000000e+00  -6.178283e+00  -1.143346e+00   0.000000e+00
0     3.299946e+00   0.000000e+00   0.000000e+00   0.000000e+00   0.000000e+00   0.000000e+00   0.000000e+00
1     3.299946e+00  -7.269153e-01   6.867271e-01   0.000000e+00  -4.314834e+00  -4.567343e+00   0.000000e+00
0     3.399702e+00   0.000000e+00   0.000000e+00   0.000000e+00   0.000000e+00   0.000000e+00   0.000000e+00
1     3.399702e+00  -9.915372e-01   1.298229e-01   0.000000e+00  -8.157013e-01  -6.230012e+00   0.000000e+00
0     3.499458e+00   0.000000e+00   0.000000e+00   0.000000e+00   0.000000e+00   0.000000e+00   0.000000e+00
1     3.499458e+00  -8.792093e-01  -4.764357e-01   0.000000e+00   2.993534e+00  -5.524235e+00   0.000000e+00
0     3.599858e+00   0.000000e+00   0.000000e+00   0.000000e+00   0.000000e+00   0.000000e+00   0.000000e+00
1     3.599858e+00  -4.289859e-01  -9.033112e-01   0.000000e+00   5.675672e+00  -2.695398e+00   0.000000e+00
0     3.699614e+00   0.000000e+00   0.000000e+00   0.000000e+00   0.000000e+00   0.000000e+00   0.000000e+00
1     3.699614e+00   1.823900e-01  -9.832263e-01   0.000000e+00   6.177793e+00   1.145990e+00   0.000000e+00
0     3.799370e+00   0.000000e+00   0.000000e+00   0.000000e+00   0.000000e+00   0.000000e+00   0.000000e+00
1     3.799370e+00   7.244272e-01  -6.893513e-01   0.000000e+00   4.331322e+00   4.551710e+00   0.000000e+00
0     3.899770e+00   0.000000e+00   0.000000e+00   0.000000e+00   0.000000e+00   0.000000e+00   0.000000e+00
1     3.899770e+00   9.915926e-01  -1.293992e-01   0.000000e+00   8.130390e-01   6.230360e+00   0.000000e+00
0     3.999526e+00   0.000000e+00   0.000000e+00   0.000000e+00   0.000000e+00   0.000000e+00   0.000000e+00
1     3.999526e+00   8.790058e-01   4.768111e-01   0.000000e+00  -2.995893e+00   5.522956e+00   0.000000e+00
0     4.099926e+00   0.000000e+00   0.000000e+00   0.000000e+00   0.000000e+00   0.000000e+00   0.000000e+00
1     4.099926e+00   4.286002e-01   9.034943e-01   0.000000e+00  -5.676822e+00   2.692974e+00   0.000000e+00
0     4.199682e+00   0.000000e+00   0.000000e+00   0.000000e+00   0.000000e+00   0.000000e+00   0.000000e+00
1     4.199682e+00  -1.828096e-01   9.831483e-01   0.000000e+00  -6.177303e+00  -1.148626e+00   0.000000e+00
0     4.299438e+00   0.000000e+00   0.000000e+00   0.000000e+00   0.000000e+00   0.000000e+00   0.000000e+00
1     4.299438e+00  -7.247212e-01   6.890422e-01   0.000000e+00  -4.329380e+00  -4.553558e+00   0.000000e+00
0     4.399838e+00   0.000000e+00   0.000000e+00   0.000000e+00   0.000000e+00   0.000000e+00   0.000000e+00
1     4.399838e+00  -9.916477e-01   1.289762e-01   0.000000e+00  -8.103817e-01  -6.230706e+00   0.000000e+00
0     4.499594e+00   0.000000e+00   0.000000e+00   0.000000e+00   0.000000e+00   0.000000e+00   0.000000e+00
1     4.499594e+00  -8.788024e-01  -4.771859e-01   0.000000e+00   2.998248e+00  -5.521678e+00   0.000000e+00
0     4.599994e+00   0.000000e+00   0.000000e+00   0.000000e+00   0.000000e+00   0.000000e+00   0.000000e+00
1     4.599994e+00  -4.282150e-01  -9.036769e-01   0.000000e+00   5.677969e+00  -2.690554e+00   0.000000e+00
0     4.699750e+00   0.000000e+00   0.000000e+00   0.000000e+00   0.000000e+00   0.000000e+00   0.000000e+00
1     4.699750e+00   1.832286e-01  -9.830703e-01   0.000000e+00   6.176813e+00   1.151260e+00   0.000000e+00
0     4.799506e+00   0.000000e+00   0.000000e+00   0.000000e+00   0.000000e+00   0.000000e+00   0.000000e+00
1     4.799506e+00   7.250148e-01  -6.887332e-01   0.000000e+00   4.327439e+00   4.555403e+00   0.000000e+00
0     4.899906e+00   0.000000e+00   0.000000e+00   0.000000e+00   0.000000e+00   0.000000e+00   0.000000e+00
1     4.899906e+00   9.917026e-01  -1.285536e-01   0.000000e+00   8.077263e-01   6.231051e+00   0.000000e+00
0     4.999662e+00   0.000000e+00   0.000000e+00   0.000000e+00   0.000000e+00   0.000000e+00   0.000000e+00
1     4.999662e+00   8.785990e-01   4.775603e-01   0.000000e+00  -3.000600e+00   5.520400e+00   0.000000e+00
0     5.099418e+00   0.000000e+00   0.000000e+00   0.000000e+00   0.000000e+00   0.000000e+00   0.000000e+00
1     5.099418e+00   4.314814e-01   9.021218e-01   0.000000e+00  -5.668199e+00   2.711078e+00   0.000000e+00
0     5.199818e+00   0.000000e+00   0.000000e+00   0.000000e+00   0.000000e+00   0.000000e+00   0.000000e+00
1     5.199818e+00  -1.836475e-01   9.829922e-01   0.000000e+00  -6.176322e+00  -1.153891e+00   0.000000e+00
0     5.299574e+00   0.000000e+00   0.000000e+00   0.000000e+00   0.000000e+00   0.000000e+00   0.000000e+00
1     5.299574e+00  -7.253082e-01   6.884243e-01   0.000000e+00  -4.325498e+00  -4.557246e+00   0.000000e+00
0     5.399974e+00   0.000000e+00   0.000000e+00   0.000000e+00   0.000000e+00   0.000000e+00   0.000000e+00
1     5.399974e+00  -9.917572e-01   1.281312e-01   0.000000e+00  -8.050718e-01  -6.231394e+00   0.000000e+00
0     5.499730e+00   0.000000e+00   0.000000e+00   0.000000e+00   0.000000e+00   0.000000e+00   0.000000e+00
1     5.499730e+00  -8.783954e-01  -4.779346e-01   0.000000e+00   3.002951e+00  -5.519121e+00   0.000000e+00
0     5.599486e+00   0.000000e+00   0.000000e+00   0.000000e+00   0.000000e+00   0.000000e+00   0.000000e+00
1     5.599486e+00  -4.310971e-01  -9.023056e-01   0.000000e+00   5.669353e+00  -2.708663e+00   0.000000e+00
0     5.699886e+00   0.000000e+00   0.000000e+00   0.000000e+00   0.000000e+00   0.000000e+00   0.000000e+00
1     5.699886e+00   1.840662e-01  -9.829139e-01   0.000000e+00   6.175830e+00   1.156522e+00   0.000000e+00
0     5.799642e+00   0.000000e+00   0.000000e+00   0.000000e+00   0.000000e+00   0.000000e+00   0.000000e+00
1     5.799642e+00   7.256014e-01  -6.881153e-01   0.000000e+00   4.323556e+00   4.559088e+00   0.000000e+00
0     5.899398e+00   0.000000e+00   0.000000e+00   0.000000e+00   0.000000e+00   0.000000e+00   0.000000e+00
1     5.899398e+00   9.912872e-01  -1.317183e-01   0.000000e+00   8.276106e-01   6.228441e+00   0.000000e+00
0     5.999798e+00   0.000000e+00   0.000000e+00   0.000000e+00   0.000000e+00   0.000000e+00   0.000000e+00
1     5.999798e+00   8.781918e-01   4.783087e-01   0.000000e+00  -3.005302e+00   5.517842e+00   0.000000e+00
0     6.099554e+00   0.000000e+00   0.000000e+00   0.000000e+00   0.000000e+00   0.000000e+00   0.000000e+00
1     6.099554e+00   4.307127e-01   9.024891e-01   0.000000e+00  -5.670506e+00   2.706248e+00   0.000000e+00
0     6.199953e+00   0.000000e+00   0.000000e+00   0.000000e+00   0.000000e+00   0.000000e+00   0.000000e+00
1     6.199953e+00  -1.844848e-01   9.828354e-01   0.000000e+00  -6.175337e+00  -1.159152e+00   0.000000e+00
0     6.299709e+00   0.000000e+00   0.000000e+00   0.000000e+00   0.000000e+00   0.000000e+00   0.000000e+00
1     6.299709e+00  -7.258944e-01   6.878062e-01   0.000000e+00  -4.321614e+00  -4.560929e+00   0.000000e+00
0     6.399466e+00   0.000000e+00   0.000000e+00   0.000000e+00   0.000000e+00   0.000000e+00   0.000000e+00
1     6.399466e+00  -9.913432e-01   1.312961e-01   0.000000e+00  -8.249578e-01  -6.228793e+00   0.000000e+00
0     6.499865e+00   0.000000e+00   0.000000e+00   0.000000e+00   0.000000e+00   0.000000e+00   0.000000e+00
1     6.499865e+00  -8.779880e-01  -4.786826e-01   0.000000e+00   3.007652e+00  -5.516561e+00   0.000000e+00
0     6.599621e+00   0.000000e+00   0.000000e+00   0.000000e+00   0.000000e+00   0.000000e+00   0.000000e+00
1     6.599621e+00  -4.303283e-01  -9.026724e-01   0.000000e+00   5.671658e+00  -2.703833e+00   0.000000e+00
0     6.699378e+00   0.000000e+00   0.000000e+00   0.000000e+00   0.000000e+00   0.000000e+00   0.000000e+00
1     6.699378e+00   1.809278e-01  -9.834964e-01   0.000000e+00   6.179490e+00   1.136803e+00   0.000000e+00
0     6.799777e+00   0.000000e+00   0.000000e+00   0.000000e+00   0.000000e+00   0.000000e+00   0.000000e+00
1     6.799777e+00   7.261872e-01  -6.874970e-01   0.000000e+00   4.319671e+00   4.562769e+00   0.000000e+00
0     6.899533e+00   0.000000e+00   0.000000e+00   0.000000e+00   0.000000e+00   0.000000e+00   0.000000e+00
1     6.899533e+00   9.913990e-01  -1.308739e-01   0.000000e+00   8.223050e-01   6.229144e+00   0.000000e+00
0     6.999933e+00   0.000000e+00   0.000000e+00   0.000000e+00   0.000000e+00   0.000000e+00   0.000000e+00
1     6.999933e+00   8.777841e-01   4.790565e-01   0.000000e+00  -3.010001e+00   5.515280e+00   0.000000e+00
0     7.099689e+00   0.000000e+00   0.000000e+00   0.000000e+00   0.000000e+00   0.000000e+00   0.000000e+00
1     7.099689e+00   4.299438e-01   9.028556e-01   0.000000e+00  -5.672809e+00   2.701417e+00   0.000000e+00
0     7.199445e+00   0.000000e+00   0.000000e+00   0.000000e+00   0.000000e+00   0.000000e+00   0.000000e+00
1     7.199445e+00  -1.813466e-01   9.834192e-01   0.000000e+00  -6.179005e+00  -1.139435e+00   0.000000e+00
0     7.299845e+00   0.000000e+00   0.000000e+00   0.000000e+00   0.000000e+00   0.000000e+00   0.000000e+00
1     7.299845e+00  -7.264800e-01   6.871877e-01   0.000000e+00  -4.317727e+00  -4.564608e+00   0.000000e+00
0     7.399601e+00   0.000000e+00   0.000000e+00   0.000000e+00   0.000000e+00   0.000000e+00   0.000000e+00
1     7.399601e+00  -9.914547e-01   1.304517e-01   0.000000e+00  -8.196521e-01  -6.229493e+00   0.000000e+00
0     7.499357e+00   0.000000e+00   0.000000e+00   0.000000e+00   0.000000e+00   0.000000e+00   0.000000e+00
1     7.499357e+00  -8.795115e-01  -4.758777e-01   0.000000e+00   2.990028e+00  -5.526134e+00   0.000000e+00
0     7.599757e+00   0.000000e+00   0.000000e+00   0.000000e+00   0.000000e+00   0.000000e+00   0.000000e+00
1     7.599757e+00  -4.295593e-01  -9.030387e-01   0.000000e+00   5.673959e+00  -2.699001e+00   0.000000e+00
0     7.699513e+00   0.000000e+00   0.000000e+00   0.000000e+00   0.000000e+00   0.000000e+00   0.000000e+00
1     7.699513e+00   1.817654e-01  -9.833419e-01   0.000000e+00   6.178519e+00   1.142066e+00   0.000000e+00
0     7.799913e+00   0.000000e+00   0.000000e+00   0.000000e+00   0.000000e+00   0.000000e+00   0.000000e+00
1     7.799913e+00   7.267725e-01  -6.868782e-01   0.000000e+00   4.315783e+00   4.566447e+00   0.000000e+00
0     7.899669e+00   0.000000e+00   0.000000e+00   0.000000e+00   0.000000e+00   0.000000e+00   0.000000e+00
1     7.899669e+00   9.915101e-01  -1.300294e-01   0.000000e+00   8.169990e-01   6.229842e+00   0.000000e+00
0     7.999425e+00   0.000000e+00   0.000000e+00   0.000000e+00   0.000000e+00   0.000000e+00   0.000000e+00
1     7.999425e+00   8.793087e-01   4.762522e-01   0.000000e+00  -2.992381e+00   5.524860e+00   0.000000e+00
0     8.099825e+00   0.000000e+00   0.000000e+00   0.000000e+00   0.000000e+00   0.000000e+00   0.000000e+00
1     8.099825e+00   4.291747e-01   9.032215e-01   0.000000e+00  -5.675108e+00   2.696584e+00   0.000000e+00
0     8.199581e+00   0.000000e+00   0.000000e+00   0.000000e+00   0.000000e+00   0.000000e+00   0.000000e+00
1     8.199581e+00  -1.821842e-01   9.832644e-01   0.000000e+00  -6.178033e+00  -1.144697e+00   0.000000e+00
0     8.299981e+00   0.000000e+00   0.000000e+00   0.000000e+00   0.000000e+00   0.000000e+00   0.000000e+00
1     8.299981e+00  -7.270650e-01   6.865686e-01   0.000000e+00  -4.313838e+00  -4.568284e+00   0.000000e+00
0     8.399737e+00   0.000000e+00   0.000000e+00   0.000000e+00   0.000000e+00   0.000000e+00   0.000000e+00
1     8.399737e+00  -9.915654e-01   1.296072e-01   0.000000e+00  -8.143459e-01  -6.230189e+00   0.000000e+00
0     8.499493e+00   0.000000e+00   0.000000e+00   0.000000e+00   0.000000e+00   0.000000e+00   0.000000e+00
1     8.499493e+00  -8.791058e-01  -4.766266e-01   0.000000e+00   2.994733e+00  -5.523585e+00   0.000000e+00
0     8.599893e+00   0.000000e+00   0.000000e+00   0.000000e+00   0.000000e+00   0.000000e+00   0.000000e+00
1     8.599893e+00  -4.287900e-01  -9.034042e-01   0.000000e+00   5.676256e+00  -2.694167e+00   0.000000e+00
0     8.699649e+00   0.000000e+00   0.000000e+00   0.000000e+00   0.000000e+00   0.000000e+00   0.000000e+00
1     8.699649e+00   1.826029e-01  -9.831867e-01   0.000000e+00   6.177545e+00   1.147328e+00   0.000000e+00
0     8.799405e+00   0.000000e+00   0.000000e+00   0.000000e+00   0.000000e+00   0.000000e+00   0.000000e+00
1     8.799405e+00   7.245763e-01  -6.891946e-01   0.000000e+00   4.330337e+00   4.552647e+00   0.000000e+00
0     8.899804e+00   0.000000e+00   0.000000e+00   0.000000e+00   0.000000e+00   0.000000e+00   0.000000e+00
1     8.899804e+00   9.916205e-01  -1.291849e-01   0.000000e+00   8.116926e-01   6.230536e+00   0.000000e+00
0     8.999561e+00   0.000000e+00   0.000000e+00   0.000000e+00   0.000000e+00   0.000000e+00   0.000000e+00
1     8.999561e+00   8.789028e-01   4.770009e-01   0.000000e+00  -2.997085e+00   5.522309e+00   0.000000e+00
0     9.099960e+00   0.000000e+00   0.000000e+00   0.000000e+00   0.000000e+00   0.000000e+00   0.000000e+00
1     9.099960e+00   4.284052e-01   9.035867e-01   0.000000e+00  -5.677403e+00   2.691749e+00   0.000000e+00
0     9.199716e+00   0.000000e+00   0.000000e+00   0.000000e+00   0.000000e+00   0.000000e+00   0.000000e+00
1     9.199716e+00  -1.830216e-01   9.831089e-01   0.000000e+00  -6.177055e+00  -1.149959e+00   0.000000e+00
0     9.299473e+00   0.000000e+00   0.000000e+00   0.000000e+00   0.000000e+00   0.000000e+00   0.000000e+00
1     9.299473e+00  -7.248697e-01   6.888860e-01   0.000000e+00  -4.328398e+00  -4.554491e+00   0.000000e+00
0     9.399872e+00   0.000000e+00   0.000000e+00   0.000000e+00   0.000000e+00   0.000000e+00   0.000000e+00
1     9.399872e+00  -9.916754e-01   1.287626e-01   0.000000e+00  -8.090392e-01  -6.230881e+00   0.000000e+00
0     9.499628e+00   0.000000e+00   0.000000e+00   0.000000e+00   0.000000e+00   0.000000e+00   0.000000e+00
1     9.499628e+00  -8.786996e-01  -4.773752e-01   0.000000e+00   2.999437e+00  -5.521032e+00   0.000000e+00
0     9.599385e+00   0.000000e+00   0.000000e+00   0.000000e+00   0.000000e+00   0.000000e+00   0.000000e+00
1     9.599385e+00  -4.316715e-01  -9.020309e-01   0.000000e+00   5.667627e+00  -2.712272e+00   0.000000e+00
0     9.699784e+00   0.000000e+00   0.000000e+00   0.000000e+00   0.000000e+00   0.000000e+00   0.000000e+00
1     9.699784e+00   1.834402e-01  -9.830309e-01   0.000000e+00   6.176565e+00   1.152589e+00   0.000000e+00
0     9.799540e+00   0.000000e+00   0.000000e+00   0.000000e+00   0.000000e+00   0.000000e+00   0.000000e+00
1     9.799540e+00   7.251630e-01  -6.885772e-01   0.000000e+00   4.326458e+00   4.556334e+00   0.000000e+00
0     9.899940e+00   0.000000e+00   0.000000e+00   0.000000e+00   0.000000e+00   0.000000e+00   0.000000e+00
1     9.899940e+00   9.917302e-01  -1.283403e-01   0.000000e+00   8.063856e-01   6.231225e+00   0.000000e+00
0     9.999696e+00   0.000000e+00   0.000000e+00   0.000000e+00   0.000000e+00   0.000000e+00   0.000000e+00
1     9.999696e+00   8.784962e-01   4.777493e-01   0.000000e+00  -3.001788e+00   5.519754e+00   0.000000e+00
0     1.009945e+01   0.000000e+00   0.000000e+00   0.000000e+00   0.000000e+00   0.000000e+00   0.000000e+00
1     1.009945e+01   4.312873e-01   9.022146e-01   0.000000e+00  -5.668782e+00   2.709858e+00   0.000000e+00
0     1.019985e+01   0.000000e+00   0.000000e+00   0.000000e+00   0.000000e+00   0.000000e+00   0.000000e+00
1     1.019985e+01  -1.838589e-01   9.829527e-01   0.000000e+00  -6.176074e+00  -1.155219e+00   0.000000e+00
0     1.029961e+01   0.000000e+00   0.000000e+00   0.000000e+00   0.000000e+00   0.000000e+00   0.000000e+00
1     1.029961e+01  -7.254562e-01   6.882683e-01   0.000000e+00  -4.324517e+00  -4.558176e+00   0.000000e+00
0     1.039936e+01   0.000000e+00   0.000000e+00   0.000000e+00   0.000000e+00   0.000000e+00   0.000000e+00
1     1.039936e+01  -9.912594e-01   1.319274e-01   0.000000e+00  -8.289244e-01  -6.228266e+00   0.000000e+00
0     1.049976e+01   0.000000e+00   0.000000e+00   0.000000e+00   0.000000e+00   0.000000e+00   0.000000e+00
1     1.049976e+01  -8.782927e-01  -4.781234e-01   0.000000e+00   3.004138e+00  -5.518476e+00   0.000000e+00
0     1.059952e+01   0.000000e+00   0.000000e+00   0.000000e+00   0.000000e+00   0.000000e+00   0.000000e+00
1     1.059952e+01  -4.309031e-01  -9.023982e-01   0.000000e+00   5.669935e+00  -2.707444e+00   0.000000e+00
0     1.069992e+01   0.000000e+00   0.000000e+00   0.000000e+00   0.000000e+00   0.000000e+00   0.000000e+00
1     1.069992e+01   1.842774e-01  -9.828743e-01   0.000000e+00   6.175581e+00   1.157849e+00   0.000000e+00
0     1.079968e+01   0.000000e+00   0.000000e+00   0.000000e+00   0.000000e+00   0.000000e+00   0.000000e+00
1     1.079968e+01   7.257493e-01  -6.879593e-01   0.000000e+00   4.322576e+00   4.560017e+00   0.000000e+00
0     1.089943e+01   0.000000e+00   0.000000e+00   0.000000e+00   0.000000e+00   0.000000e+00   0.000000e+00
1     1.089943e+01   9.913155e-01  -1.315053e-01   0.000000e+00   8.262719e-01   6.228619e+00   0.000000e+00
0     1.099983e+01   0.000000e+00   0.000000e+00   0.000000e+00   0.000000e+00   0.000000e+00   0.000000e+00
1     1.099983e+01   8.780890e-01   4.784974e-01   0.000000e+00  -3.006488e+00   5.517196e+00   0.000000e+00
0     1.109959e+01   0.000000e+00   0.000000e+00   0.000000e+00   0.000000e+00   0.000000e+00   0.000000e+00
1     1.109959e+01   4.305188e-01   9.025816e-01   0.000000e+00  -5.671088e+00   2.705029e+00   0.000000e+00
0     1.119999e+01   0.000000e+00   0.000000e+00   0.000000e+00   0.000000e+00   0.000000e+00   0.000000e+00
1     1.119999e+01  -1.846960e-01   9.827957e-01   0.000000e+00  -6.175088e+00  -1.160479e+00   0.000000e+00
0     1.129974e+01   0.000000e+00   0.000000e+00   0.000000e+00   0.000000e+00   0.000000e+00   0.000000e+00
1     1.129974e+01  -7.260422e-01   6.876502e-01   0.000000e+00  -4.320634e+00  -4.561857e+00   0.000000e+00
0     1.139950e+01   0.000000e+00   0.000000e+00   0.000000e+00   0.000000e+00   0.000000e+00   0.000000e+00
1     1.139950e+01  -9.913714e-01   1.310831e-01   0.000000e+00  -8.236193e-01  -6.228970e+00   0.000000e+00
0     1.149990e+01   0.000000e+00   0.000000e+00   0.000000e+00   0.000000e+00   0.000000e+00   0.000000e+00
1     1.149990e+01  -8.778851e-01  -4.788713e-01   0.000000e+00   3.008837e+00  -5.515915e+00   0.000000e+00
0     1.159966e+01   0.000000e+00   0.000000e+00   0.000000e+00   0.000000e+00   0.000000e+00   0.000000e+00
1     1.159966e+01  -4.301343e-01  -9.027649e-01   0.000000e+00   5.672239e+00  -2.702614e+00   0.000000e+00
0     1.169941e+01   0.000000e+00   0.000000e+00   0.000000e+00   0.000000e+00   0.000000e+00   0.000000e+00
1     1.169941e+01   1.811391e-01  -9.834575e-01   0.000000e+00   6.179246e+00   1.138131e+00   0.000000e+00
0     1.179981e+01   0.000000e+00   0.000000e+00   0.000000e+00   0.000000e+00   0.000000e+00   0.000000e+00
1     1.179981e+01   7.263349e-01  -6.873409e-01   0.000000e+00   4.318690e+00   4.563697e+00   0.000000e+00
0     1.189957e+01   0.000000e+00   0.000000e+00   0.000000e+00   0.000000e+00   0.000000e+00   0.000000e+00
1     1.189957e+01   9.914271e-01  -1.306609e-01   0.000000e+00   8.209666e-01   6.229320e+00   0.000000e+00
0     1.199997e+01   0.000000e+00   0.000000e+00   0.000000e+00   0.000000e+00   0.000000e+00   0.000000e+00
1     1.199997e+01   8.776811e-01   4.792451e-01   0.000000e+00  -3.011186e+00   5.514633e+00   0.000000e+00
0     1.209972e+01   0.000000e+00   0.000000e+00   0.000000e+00   0.000000e+00   0.000000e+00   0.000000e+00
1     1.209972e+01   4.297498e-01   9.029480e-01   0.000000e+00  -5.673390e+00   2.700198e+00   0.000000e+00
0     1.219948e+01   0.000000e+00   0.000000e+00   0.000000e+00   0.000000e+00   0.000000e+00   0.000000e+00
1     1.219948e+01  -1.815579e-01   9.833803e-01   0.000000e+00  -6.178760e+00  -1.140762e+00   0.000000e+00
0     1.229988e+01   0.000000e+00   0.000000e+00   0.000000e+00   0.000000e+00   0.000000e+00   0.000000e+00
1     1.229988e+01  -7.266276e-01   6.870316e-01   0.000000e+00  -4.316747e+00  -4.565536e+00   0.000000e+00
0     1.239964e+01   0.000000e+00   0.000000e+00   0.000000e+00   0.000000e+00   0.000000e+00   0.000000e+00
1     1.239964e+01  -9.914827e-01   1.302387e-01   0.000000e+00  -8.183136e-01  -6.229669e+00   0.000000e+00
0     1.249939e+01   0.000000e+00   0.000000e+00   0.000000e+00   0.000000e+00   0.000000e+00   0.000000e+00
1     1.249939e+01  -8.794092e-01  -4.760666e-01   0.000000e+00   2.991215e+00  -5.525491e+00   0.000000e+00
0     1.259979e+01   0.000000e+00   0.000000e+00   0.000000e+00   0.000000e+00   0.000000e+00   0.000000e+00
1     1.259979e+01  -4.293653e-01  -9.031309e-01   0.000000e+00   5.674539e+00  -2.697782e+00   0.000000e+00
0     1.269955e+01   0.000000e+00   0.000000e+00   0.000000e+00   0.000000e+00   0.000000e+00   0.000000e+00
1     1.269955e+01   1.819767e-01  -9.833028e-01   0.000000e+00   6.178274e+00   1.143393e+00   0.000000e+00
0     1.279995e+01   0.000000e+00   0.000000e+00   0.000000e+00   0.000000e+00   0.000000e+00   0.000000e+00
1     1.279995e+01   7.269201e-01  -6.867220e-01   0.000000e+00   4.314802e+00   4.567374e+00   0.000000e+00
0     1.289970e+01   0.000000e+00   0.000000e+00   0.000000e+00   0.000000e+00   0.000000e+00   0.000000e+00
1     1.289970e+01   9.915380e-01  -1.298164e-01   0.000000e+00   8.156606e-01   6.230017e+00   0.000000e+00
0     1.299946e+01   0.000000e+00   0.000000e+00   0.000000e+00   0.000000e+00   0.000000e+00   0.000000e+00
1     1.299946e+01   8.792064e-01   4.764411e-01   0.000000e+00  -2.993568e+00   5.524217e+00   0.000000e+00
0     1.309986e+01   0.000000e+00   0.000000e+00   0.000000e+00   0.000000e+00   0.000000e+00   0.000000e+00
1     1.309986e+01   4.289806e-01   9.033137e-01   0.000000e+00  -5.675687e+00   2.695365e+00   0.000000e+00
0     1.319962e+01   0.000000e+00   0.000000e+00   0.000000e+00   0.000000e+00   0.000000e+00   0.000000e+00
1     1.319962e+01  -1.823954e-01   9.832253e-01   0.000000e+00  -6.177786e+00  -1.146024e+00   0.000000e+00
0     1.329937e+01   0.000000e+00   0.000000e+00   0.000000e+00   0.000000e+00   0.000000e+00   0.000000e+00
1     1.329937e+01  -7.244308e-01   6.893475e-01   0.000000e+00  -4.331298e+00  -4.551733e+00   0.000000e+00
0     1.339977e+01   0.000000e+00   0.000000e+00   0.000000e+00   0.000000e+00   0.000000e+00   0.000000e+00
1     1.339977e+01  -9.915932e-01   1.293941e-01   0.000000e+00  -8.130074e-01  -6.230364e+00   0.000000e+00
0     1.349953e+01   0.000000e+00   0.000000e+00   0.000000e+00   0.000000e+00   0.000000e+00   0.000000e+00
1     1.349953e+01  -8.790034e-01  -4.768155e-01   0.000000e+00   2.995920e+00  -5.522941e+00   0.000000e+00
0     1.359993e+01   0.000000e+00   0.000000e+00   0.000000e+00   0.000000e+00   0.000000e+00   0.000000e+00
1     1.359993e+01  -4.285959e-01  -9.034963e-01   0.000000e+00   5.676835e+00  -2.692947e+00   0.000000e+00
0     1.369968e+01   0.000000e+00   0.000000e+00   0.000000e+00   0.000000e+00   0.000000e+00   0.000000e+00
1     1.369968e+01   1.828141e-01  -9.831475e-01   0.000000e+00   6.177298e+00   1.148655e+00   0.000000e+00
0     1.379944e+01   0.000000e+00   0.000000e+00   0.000000e+00   0.000000e+00   0.000000e+00   0.000000e+00
1     1.379944e+01   7.247244e-01  -6.890389e-01   0.000000e+00   4.329359e+00   4.553577e+00   0.000000e+00
0     1.389984e+01   0.000000e+00   0.000000e+00   0.000000e+00   0.000000e+00   0.000000e+00   0.000000e+00
1     1.389984e+01   9.916483e-01  -1.289718e-01   0.000000e+00   8.103540e-01   6.230710e+00   0.000000e+00
0     1.399959e+01   0.000000e+00   0.000000e+00   0.000000e+00   0.000000e+00   0.000000e+00   0.000000e+00
1     1.399959e+01   8.788003e-01   4.771897e-01   0.000000e+00  -2.998272e+00   5.521665e+00   0.000000e+00
0     1.409999e+01   0.000000e+00   0.000000e+00   0.000000e+00   0.000000e+00   0.000000e+00   0.000000e+00
1     1.409999e+01   4.282111e-01   9.036787e-01   0.000000e+00  -5.677981e+00   2.690530e+00   0.000000e+00
0     1.419975e+01   0.000000e+00   0.000000e+00   0.000000e+00   0.000000e+00   0.000000e+00   0.000000e+00
1     1.419975e+01  -1.832328e-01   9.830695e-01   0.000000e+00  -6.176808e+00  -1.151286e+00   0.000000e+00
0     1.429951e+01   0.000000e+00   0.000000e+00   0.000000e+00   0.000000e+00   0.000000e+00   0.000000e+00
1     1.429951e+01  -7.250177e-01   6.887302e-01   0.000000e+00  -4.327420e+00  -4.555421e+00   0.000000e+00
0     1.439991e+01   0.000000e+00   0.000000e+00   0.000000e+00   0.000000e+00   0.000000e+00   0.000000e+00
1     1.439991e+01  -9.917031e-01   1.285495e-01   0.000000e+00  -8.077004e-01  -6.231054e+00   0.000000e+00
0     1.449966e+01   0.000000e+00   0.000000e+00   0.000000e+00   0.000000e+00   0.000000e+00   0.000000e+00
1     1.449966e+01  -8.785970e-01  -4.775640e-01   0.000000e+00   3.000623e+00  -5.520388e+00   0.000000e+00
0     1.459942e+01   0.000000e+00   0.000000e+00   0.000000e+00   0.000000e+00   0.000000e+00   0.000000e+00
1     1.459942e+01  -4.314777e-01  -9.021236e-01   0.000000e+00   5.668210e+00  -2.711054e+00   0.000000e+00
0     1.469982e+01   0.000000e+00   0.000000e+00   0.000000e+00   0.000000e+00   0.000000e+00   0.000000e+00
1     1.469982e+01   1.836515e-01  -9.829914e-01   0.000000e+00   6.176317e+00   1.153916e+00   0.000000e+00
0     1.479957e+01   0.000000e+00   0.000000e+00   0.000000e+00   0.000000e+00   0.000000e+00   0.000000e+00
1     1.479957e+01   7.253110e-01  -6.884214e-01   0.000000e+00   4.325479e+00   4.557263e+00   0.000000e+00
0     1.489997e+01   0.000000e+00   0.000000e+00   0.000000e+00   0.000000e+00   0.000000e+00   0.000000e+00
1     1.489997e+01   9.917577e-01  -1.281272e-01   0.000000e+00   8.050468e-01   6.231398e+00   0.000000e+00
0     1.499973e+01   0.000000e+00   0.000000e+00   0.000000e+00   0.000000e+00   0.000000e+00   0.000000e+00
1     1.499973e+01   8.783935e-01   4.779381e-01   0.000000e+00  -3.002974e+00   5.519109e+00   0.000000e+00
0     1.509949e+01   0.000000e+00   0.000000e+00   0.000000e+00   0.000000e+00   0.000000e+00   0.000000e+00
1     1.509949e+01   4.310935e-01   9.023073e-01   0.000000e+00  -5.669364e+00   2.708640e+00   0.000000e+00
0     1.519989e+01   0.000000e+00   0.000000e+00   0.000000e+00   0.000000e+00   0.000000e+00   0.000000e+00
1     1.519989e+01  -1.840701e-01   9.829131e-01   0.000000e+00  -6.175825e+00  -1.156546e+00   0.000000e+00
0     1.529964e+01   0.000000e+00   0.000000e+00   0.000000e+00   0.000000e+00   0.000000e+00   0.000000e+00
1     1.529964e+01  -7.256041e-01   6.881124e-01   0.000000e+00  -4.323538e+00  -4.559105e+00   0.000000e+00
0     1.539940e+01   0.000000e+00   0.000000e+00   0.000000e+00   0.000000e+00   0.000000e+00   0.000000e+00
1     1.539940e+01  -9.912877e-01   1.317144e-01   0.000000e+00  -8.275861e-01  -6.228444e+00   0.000000e+00
0     1.549980e+01   0.000000e+00   0.000000e+00   0.000000e+00   0.000000e+00   0.000000e+00   0.000000e+00
1     1.549980e+01  -8.781899e-01  -4.783121e-01   0.000000e+00   3.005324e+00  -5.517830e+00   0.000000e+00
0     1.559955e+01   0.000000e+00   0.000000e+00   0.000000e+00   0.000000e+00   0.000000e+00   0.000000e+00
1     1.559955e+01  -4.307092e-01  -9.024908e-01   0.000000e+00   5.670517e+00  -2.706226e+00   0.000000e+00
0     1.569995e+01   0.000000e+00   0.000000e+00   0.000000e+00   0.000000e+00   0.000000e+00   0.000000e+00
1     1.569995e+01   1.844886e-01  -9.828346e-01   0.000000e+00   6.175332e+00   1.159176e+00   0.000000e+00
0     1.579971e+01   0.000000e+00   0.000000e+00   0.000000e+00   0.000000e+00   0.000000e+00   0.000000e+00
1     1.579971e+01   7.258971e-01  -6.878034e-01   0.000000e+00   4.321596e+00   4.560946e+00   0.000000e+00
0     1.589947e+01   0.000000e+00   0.000000e+00   0.000000e+00   0.000000e+00   0.000000e+00   0.000000e+00
1     1.589947e+01   9.913437e-01  -1.312922e-01   0.000000e+00   8.249335e-01   6.228796e+00   0.000000e+00
0     1.599987e+01   0.000000e+00   0.000000e+00   0.000000e+00   0.000000e+00   0.000000e+00   0.000000e+00
1     1.599987e+01   8.779861e-01   4.786861e-01   0.000000e+00  -3.007673e+00   5.516550e+00   0.000000e+00
0     1.609962e+01   0.000000e+00   0.000000e+00   0.000000e+00   0.000000e+00   0.000000e+00   0.000000e+00
1     1.609962e+01   4.303248e-01   9.026741e-01   0.000000e+00  -5.671669e+00   2.703810e+00   0.000000e+00
0     1.619938e+01   0.000000e+00   0.000000e+00   0.000000e+00   0.000000e+00   0.000000e+00   0.000000e+00
1     1.619938e+01  -1.809316e-01   9.834957e-01   0.000000e+00  -6.179486e+00  -1.136827e+00   0.000000e+00
0     1.629978e+01   0.000000e+00   0.000000e+00   0.000000e+00   0.000000e+00   0.000000e+00   0.000000e+00
1     1.629978e+01  -7.261899e-01   6.874942e-01   0.000000e+00  -4.319653e+00  -4.562786e+00   0.000000e+00
0     1.639953e+01   0.000000e+00   0.000000e+00   0.000000e+00   0.000000e+00   0.000000e+00   0.000000e+00
1     1.639953e+01  -9.913995e-01   1.308700e-01   0.000000e+00  -8.222807e-01  -6.229147e+00   0.000000e+00
0     1.649993e+01   0.000000e+00   0.000000e+00   0.000000e+00   0.000000e+00   0.000000e+00   0.000000e+00
1     1.649993e+01  -8.777822e-01  -4.790599e-01   0.000000e+00   3.010022e+00  -5.515268e+00   0.000000e+00
0     1.659969e+01   0.000000e+00   0.000000e+00   0.000000e+00   0.000000e+00   0.000000e+00   0.000000e+00
1     1.659969e+01  -4.299403e-01  -9.028573e-01   0.000000e+00   5.672820e+00  -2.701395e+00   0.000000e+00
0     1.669945e+01   0.000000e+00   0.000000e+00   0.000000e+00   0.000000e+00   0.000000e+00   0.000000e+00
1     1.669945e+01   1.813505e-01  -9.834185e-01   0.000000e+00   6.179001e+00   1.139459e+00   0.000000e+00
0     1.679985e+01   0.000000e+00   0.000000e+00   0.000000e+00   0.000000e+00   0.000000e+00   0.000000e+00
1     1.679985e+01   7.264826e-01  -6.871848e-01   0.000000e+00   4.317710e+00   4.564625e+00   0.000000e+00
0     1.689960e+01   0.000000e+00   0.000000e+00   0.000000e+00   0.000000e+00   0.000000e+00   0.000000e+00
1     1.689960e+01   9.914552e-01  -1.304478e-01   0.000000e+00   8.196278e-01   6.229497e+00   0.000000e+00
0     1.699936e+01   0.000000e+00   0.000000e+00   0.000000e+00   0.000000e+00   0.000000e+00   0.000000e+00
1     1.699936e+01   8.795096e-01   4.758811e-01   0.000000e+00  -2.990049e+00   5.526122e+00   0.000000e+00
0     1.709976e+01   0.000000e+00   0.000000e+00   0.000000e+00   0.000000e+00   0.000000e+00   0.000000e+00
1     1.709976e+01   4.295558e-01   9.030403e-01   0.000000e+00  -5.673970e+00   2.698979e+00   0.000000e+00
0     1.719951e+01   0.000000e+00   0.000000e+00   0.000000e+00   0.000000e+00   0.000000e+00   0.000000e+00
1     1.719951e+01  -1.817693e-01   9.833412e-01   0.000000e+00  -6.178515e+00  -1.142090e+00   0.000000e+00
0     1.729991e+01   0.000000e+00   0.000000e+00   0.000000e+00   0.000000e+00   0.000000e+00   0.000000e+00
1     1.729991e+01  -7.267752e-01   6.868754e-01   0.000000e+00  -4.315765e+00  -4.566463e+00   0.000000e+00
0     1.739967e+01   0.000000e+00   0.000000e+00   0.000000e+00   0.000000e+00   0.000000e+00   0.000000e+00
1     1.739967e+01  -9.915106e-01   1.300256e-01   0.000000e+00  -8.169748e-01  -6.229845e+00   0.000000e+00
0     1.749943e+01   0.000000e+00   0.000000e+00   0.000000e+00   0.000000e+00   0.000000e+00   0.000000e+00
1     1.749943e+01  -8.793069e-01  -4.762556e-01   0.000000e+00   2.992402e+00  -5.524848e+00   0.000000e+00
0     1.759983e+01   0.000000e+00   0.000000e+00   0.000000e+00   0.000000e+00   0.000000e+00   0.000000e+00
1     1.759983e+01  -4.291712e-01  -9.032232e-01   0.000000e+00   5.675119e+00  -2.696562e+00   0.000000e+00
0     1.769958e+01   0.000000e+00   0.000000e+00   0.000000e+00   0.000000e+00   0.000000e+00   0.000000e+00
1     1.769958e+01   1.821880e-01  -9.832637e-01   0.000000e+00   6.178028e+00   1.144721e+00   0.000000e+00
0     1.779998e+01   0.000000e+00   0.000000e+00   0.000000e+00   0.000000e+00   0.000000e+00   0.000000e+00
1     1.779998e+01   7.270677e-01  -6.865658e-01   0.000000e+00   4.313820e+00   4.568301e+00   0.000000e+00
0     1.789974e+01   0.000000e+00   0.000000e+00   0.000000e+00   0.000000e+00   0.000000e+00   0.000000e+00
1     1.789974e+01   9.915659e-01  -1.296033e-01   0.000000e+00   8.143216e-01   6.230192e+00   0.000000e+00
0     1.799949e+01   0.000000e+00   0.000000e+00   0.000000e+00   0.000000e+00   0.000000e+00   0.000000e+00
1     1.799949e+01   8.791040e-01   4.766300e-01   0.000000e+00  -2.994755e+00   5.523573e+00   0.000000e+00
0     1.809989e+01   0.000000e+00   0.000000e+00   0.000000e+00   0.000000e+00   0.000000e+00   0.000000e+00
1     1.809989e+01   4.287865e-01   9.034059e-01   0.000000e+00  -5.676267e+00   2.694145e+00   0.000000e+00
0     1.819965e+01   0.000000e+00   0.000000e+00   0.000000e+00   0.000000e+00   0.000000e+00   0.000000e+00
1     1.819965e+01  -1.826068e-01   9.831860e-01   0.000000e+00  -6.177540e+00  -1.147352e+00   0.000000e+00
0     1.829941e+01   0.000000e+00   0.000000e+00   0.000000e+00   0.000000e+00   0.000000e+00   0.000000e+00
1     1.829941e+01  -7.245790e-01   6.891918e-01   0.000000e+00  -4.330320e+00  -4.552664e+00   0.000000e+00
0     1.839981e+01   0.000000e+00   0.000000e+00   0.000000e+00   0.000000e+00   0.000000e+00   0.000000e+00
1     1.839981e+01  -9.916210e-01   1.291810e-01   0.000000e+00  -8.116682e-01  -6.230539e+00   0.000000e+00
0     1.849956e+01   0.000000e+00   0.000000e+00   0.000000e+00   0.000000e+00   0.000000e+00   0.000000e+00
1     1.849956e+01  -8.789009e-01  -4.770044e-01   0.000000e+00   2.997107e+00  -5.522297e+00   0.000000e+00
0     1.859996e+01   0.000000e+00   0.000000e+00   0.000000e+00   0.000000e+00   0.000000e+00   0.000000e+00
1     1.859996e+01  -4.284017e-01  -9.035884e-01   0.000000e+00   5.677413e+00  -2.691727e+00   0.000000e+00
0     1.869972e+01   0.000000e+00   0.000000e+00   0.000000e+00   0.000000e+00   0.000000e+00   0.000000e+00
1     1.869972e+01   1.830255e-01  -9.831082e-01   0.000000e+00   6.177051e+00   1.149983e+00   0.000000e+00
0     1.879947e+01   0.000000e+00   0.000000e+00   0.000000e+00   0.000000e+00   0.000000e+00   0.000000e+00
1     1.879947e+01   7.248724e-01  -6.888831e-01   0.000000e+00   4.328380e+00   4.554508e+00   0.000000e+00
0     1.889987e+01   0.000000e+00   0.000000e+00   0.000000e+00   0.000000e+00   0.000000e+00   0.000000e+00
1     1.889987e+01   9.916760e-01  -1.287587e-01   0.000000e+00   8.090147e-01   6.230884e+00   0.000000e+00
0     1.899963e+01   0.000000e+00   0.000000e+00   0.000000e+00   0.000000e+00   0.000000e+00   0.000000e+00
1     1.899963e+01   8.786977e-01   4.773786e-01   0.000000e+00  -2.999458e+00   5.521020e+00   0.000000e+00
0     1.909939e+01   0.000000e+00   0.000000e+00   0.000000e+00   0.000000e+00   0.000000e+00   0.000000e+00
1     1.909939e+01   4.316680e-01   9.020326e-01   0.000000e+00  -5.667638e+00   2.712250e+00   0.000000e+00
0     1.919978e+01   0.000000e+00   0.000000e+00   0.000000e+00   0.000000e+00   0.000000e+00   0.000000e+00
1     1.919978e+01  -1.834441e-01   9.830301e-01   0.000000e+00  -6.176561e+00  -1.152613e+00   0.000000e+00
0     1.929954e+01   0.000000e+00   0.000000e+00   0.000000e+00   0.000000e+00   0.000000e+00   0.000000e+00
1     1.929954e+01  -7.251658e-01   6.885743e-01   0.000000e+00  -4.326440e+00  -4.556351e+00   0.000000e+00
0     1.939994e+01   0.000000e+00   0.000000e+00   0.000000e+00   0.000000e+00   0.000000e+00   0.000000e+00
1     1.939994e+01  -9.917307e-01   1.283363e-01   0.000000e+00  -8.063610e-01  -6.231228e+00   0.000000e+00
0     1.949970e+01   0.000000e+00   0.000000e+00   0.000000e+00   0.000000e+00   0.000000e+00   0.000000e+00
1     1.949970e+01  -8.784943e-01  -4.777528e-01   0.000000e+00   3.001809e+00  -5.519743e+00   0.000000e+00
0     1.959945e+01   0.000000e+00   0.000000e+00   0.000000e+00   0.000000e+00   0.000000e+00   0.000000e+00
1     1.959945e+01  -4.312838e-01  -9.022163e-01   0.000000e+00   5.668792e+00  -2.709836e+00   0.000000e+00
0     1.969985e+01   0.000000e+00   0.000000e+00   0.000000e+00   0.000000e+00   0.000000e+00   0.000000e+00
1     1.969985e+01   1.838628e-01  -9.829519e-01   0.000000e+00   6.176069e+00   1.155244e+00   0.000000e+00
0     1.979961e+01   0.000000e+00   0.000000e+00   0.000000e+00   0.000000e+00   0.000000e+00   0.000000e+00
1     1.979961e+01   7.254589e-01  -6.882654e-01   0.000000e+00   4.324499e+00   4.558193e+00   0.000000e+00
0     1.989936e+01   0.000000e+00   0.000000e+00   0.000000e+00   0.000000e+00   0.000000e+00   0.000000e+00
1     1.989936e+01   9.912599e-01  -1.319235e-01   0.000000e+00   8.288996e-01   6.228270e+00   0.000000e+00
0     1.999976e+01   0.000000e+00   0.000000e+00   0.000000e+00   0.000000e+00   0.000000e+00   0.000000e+00
1     1.999976e+01   8.782908e-01   4.781269e-01   0.000000e+00  -3.004160e+00   5.518464e+00   0.000000e+00
0     2.009952e+01   0.000000e+00   0.000000e+00   0.000000e+00   0.000000e+00   0.000000e+00   0.000000e+00
1     2.009952e+01   4.308995e-01   9.023999e-01   0.000000e+00  -5.669946e+00   2.707421e+00   0.000000e+00
0     2.019992e+01   0.000000e+00   0.000000e+00   0.000000e+00   0.000000e+00   0.000000e+00   0.000000e+00
1     2.019992e+01  -1.842814e-01   9.828735e-01   0.000000e+00  -6.175577e+00  -1.157874e+00   0.000000e+00
0     2.029968e+01   0.000000e+00   0.000000e+00   0.000000e+00   0.000000e+00   0.000000e+00   0.000000e+00
1     2.029968e+01  -7.257520e-01   6.879564e-01   0.000000e+00  -4.322558e+00  -4.560034e+00   0.000000e+00
0     2.039943e+01   0.000000e+00   0.000000e+00   0.000000e+00   0.000000e+00   0.000000e+00   0.000000e+00
1     2.039943e+01  -9.913160e-01   1.315013e-01   0.000000e+00  -8.262471e-01  -6.228622e+00   0.000000e+00
0     2.049983e+01   0.000000e+00   0.000000e+00   0.000000e+00   0.000000e+00   0.000000e+00   0.000000e+00
1     2.049983e+01  -8.780871e-01  -4.785009e-01   0.000000e+00   3.006510e+00  -5.517184e+00   0.000000e+00
0     2.059959e+01   0.000000e+00   0.000000e+00   0.000000e+00   0.000000e+00   0.000000e+00   0.000000e+00
1     2.059959e+01  -4.305151e-01  -9.025834e-01   0.000000e+00   5.671098e+00  -2.705006e+00   0.000000e+00
0     2.069999e+01   0.000000e+00   0.000000e+00   0.000000e+00   0.000000e+00   0.000000e+00   0.000000e+00
1     2.069999e+01   1.846999e-01  -9.827950e-01   0.000000e+00   6.175083e+00   1.160504e+00   0.000000e+00
0     2.079974e+01   0.000000e+00   0.000000e+00   0.000000e+00   0.000000e+00   0.000000e+00   0.000000e+00
1     2.079974e+01   7.260449e-01  -6.876473e-01   0.000000e+00   4.320615e+00   4.561875e+00   0.000000e+00
0     2.089950e+01   0.000000e+00   0.000000e+00   0.000000e+00   0.000000e+00   0.000000e+00   0.000000e+00
1     2.089950e+01   9.913719e-01  -1.310791e-01   0.000000e+00   8.235943e-01   6.228973e+00   0.000000e+00
0     2.099990e+01   0.000000e+00   0.000000e+00   0.000000e+00   0.000000e+00   0.000000e+00   0.000000e+00
1     2.099990e+01   8.778832e-01   4.788748e-01   0.000000e+00  -3.008859e+00   5.515903e+00   0.000000e+00
0     2.109966e+01   0.000000e+00   0.000000e+00   0.000000e+00   0.000000e+00   0.000000e+00   0.000000e+00
1     2.109966e+01   4.301307e-01   9.027666e-01   0.000000e+00  -5.672250e+00   2.702591e+00   0.000000e+00
0     2.119941e+01   0.000000e+00   0.000000e+00   0.000000e+00   0.000000e+00   0.000000e+00   0.000000e+00
1     2.119941e+01  -1.811431e-01   9.834568e-01   0.000000e+00  -6.179241e+00  -1.138156e+00   0.000000e+00
0     2.129981e+01   0.000000e+00   0.000000e+00   0.000000e+00   0.000000e+00   0.000000e+00   0.000000e+00
1     2.129981e+01  -7.263377e-01   6.873380e-01   0.000000e+00  -4.318672e+00  -4.563714e+00   0.000000e+00
0     2.139957e+01   0.000000e+00   0.000000e+00   0.000000e+00   0.000000e+00   0.000000e+00   0.000000e+00
1     2.139957e+01  -9.914276e-01   1.306569e-01   0.000000e+00  -8.209414e-01  -6.229324e+00   0.000000e+00
0     2.149997e+01   0.000000e+00   0.000000e+00   0.000000e+00   0.000000e+00   0.000000e+00   0.000000e+00
1     2.149997e+01  -8.776792e-01  -4.792487e-01   0.000000e+00   3.011208e+00  -5.514621e+00   0.000000e+00
0     2.159972e+01   0.000000e+00   0.000000e+00   0.000000e+00   0.000000e+00   0.000000e+00   0.000000e+00
1     2.159972e+01  -4.297462e-01  -9.029497e-01   0.000000e+00   5.673400e+00  -2.700175e+00   0.000000e+00
0     2.169948e+01   0.000000e+00   0.000000e+00   0.000000e+00   0.000000e+00   0.000000e+00   0.000000e+00
1     2.169948e+01   1.815619e-01  -9.833795e-01   0.000000e+00   6.178756e+00   1.140787e+00   0.000000e+00
0     2.179988e+01   0.000000e+00   0.000000e+00   0.000000e+00   0.000000e+00   0.000000e+00   0.000000e+00
1     2.179988e+01   7.266304e-01  -6.870286e-01   0.000000e+00   4.316728e+00   4.565553e+00   0.000000e+00
0     2.189964e+01   0.000000e+00   0.000000e+00   0.000000e+00   0.000000e+00   0.000000e+00   0.000000e+00
1     2.189964e+01   9.914832e-01  -1.302346e-01   0.000000e+00   8.182884e-01   6.229673e+00   0.000000e+00
0     2.199939e+01   0.000000e+00   0.000000e+00   0.000000e+00   0.000000e+00   0.000000e+00   0.000000e+00
1     2.199939e+01   8.794073e-01   4.760702e-01   0.000000e+00  -2.991237e+00   5.525479e+00   0.000000e+00
0     2.209979e+01   0.000000e+00   0.000000e+00   0.000000e+00   0.000000e+00   0.000000e+00   0.000000e+00
1     2.209979e+01   4.293616e-01   9.031327e-01   0.000000e+00  -5.674550e+00   2.697759e+00   0.000000e+00
0     2.219955e+01   0.000000e+00   0.000000e+00   0.000000e+00   0.000000e+00   0.000000e+00   0.000000e+00
1     2.219955e+01  -1.819807e-01   9.833021e-01   0.000000e+00  -6.178269e+00  -1.143418e+00   0.000000e+00
0     2.229995e+01   0.000000e+00   0.000000e+00   0.000000e+00   0.000000e+00   0.000000e+00   0.000000e+00
1     2.229995e+01  -7.269229e-01   6.867191e-01   0.000000e+00  -4.314783e+00  -4.567391e+00   0.000000e+00
0     2.239970e+01   0.000000e+00   0.000000e+00   0.000000e+00   0.000000e+00   0.000000e+00   0.000000e+00
1     2.239970e+01  -9.915386e-01   1.298124e-01   0.000000e+00  -8.156352e-01  -6.230021e+00   0.000000e+00
0     2.249946e+01   0.000000e+00   0.000000e+00   0.000000e+00   0.000000e+00   0.000000e+00   0.000000e+00
1     2.249946e+01  -8.792045e-01  -4.764447e-01   0.000000e+00   2.993590e+00  -5.524205e+00   0.000000e+00
0     2.259986e+01   0.000000e+00   0.000000e+00   0.000000e+00   0.000000e+00   0.000000e+00   0.000000e+00
1     2.259986e+01  -4.289769e-01  -9.033154e-01   0.000000e+00   5.675698e+00  -2.695342e+00   0.000000e+00
0     2.269962e+01   0.000000e+00   0.000000e+00   0.000000e+00   0.000000e+00   0.000000e+00   0.000000e+00
1     2.269962e+01   1.823995e-01  -9.832245e-01   0.000000e+00   6.177782e+00   1.146050e+00   0.000000e+00
0     2.279937e+01   0.000000e+00   0.000000e+00   0.000000e+00   0.000000e+00   0.000000e+00   0.000000e+00
1     2.279937e+01   7.244337e-01  -6.893445e-01   0.000000e+00   4.331279e+00   4.551751e+00   0.000000e+00
0     2.289977e+01   0.000000e+00   0.000000e+00   0.000000e+00   0.000000e+00   0.000000e+00   0.000000e+00
1     2.289977e+01   9.915938e-01  -1.293901e-01   0.000000e+00   8.129818e-01   6.230367e+00   0.000000e+00
0     2.299953e+01   0.000000e+00   0.000000e+00   0.000000e+00   0.000000e+00   0.000000e+00   0.000000e+00
1     2.299953e+01   8.790015e-01   4.768191e-01   0.000000e+00  -2.995942e+00   5.522929e+00   0.000000e+00
0     2.309993e+01   0.000000e+00   0.000000e+00   0.000000e+00   0.000000e+00   0.000000e+00   0.000000e+00
1     2.309993e+01   4.285922e-01   9.034981e-01   0.000000e+00  -5.676846e+00   2.692924e+00   0.000000e+00
0     2.319968e+01   0.000000e+00   0.000000e+00   0.000000e+00   0.000000e+00   0.000000e+00   0.000000e+00
1     2.319968e+01  -1.828182e-01   9.831467e-01   0.000000e+00  -6.177293e+00  -1.148680e+00   0.000000e+00
0     2.329944e+01   0.000000e+00   0.000000e+00   0.000000e+00   0.000000e+00   0.000000e+00   0.000000e+00
1     2.329944e+01  -7.247272e-01   6.890359e-01   0.000000e+00  -4.329340e+00  -4.553595e+00   0.000000e+00
0     2.339984e+01   0.000000e+00   0.000000e+00   0.000000e+00   0.000000e+00   0.000000e+00   0.000000e+00
1     2.339984e+01  -9.916488e-01   1.289678e-01   0.000000e+00  -8.103283e-01  -6.230713e+00   0.000000e+00
0     2.349960e+01   0.000000e+00   0.000000e+00   0.000000e+00   0.000000e+00   0.000000e+00   0.000000e+00
1     2.349960e+01  -8.787983e-01  -4.771934e-01   0.000000e+00   2.998294e+00  -5.521653e+00   0.000000e+00
0     2.360000e+01   0.000000e+00   0.000000e+00   0.000000e+00   0.000000e+00   0.000000e+00   0.000000e+00
1     2.360000e+01  -4.282074e-01  -9.036805e-01   0.000000e+00   5.677992e+00  -2.690506e+00   0.000000e+00
0     2.369975e+01   0.000000e+00   0.000000e+00   0.000000e+00   0.000000e+00   0.000000e+00   0.000000e+00
1     2.369975e+01   1.832369e-01  -9.830688e-01   0.000000e+00   6.176803e+00   1.151311e+00   0.000000e+00
0     2.379951e+01   0.000000e+00   0.000000e+00   0.000000e+00   0.000000e+00   0.000000e+00   0.000000e+00
1     2.379951e+01   7.250206e-01  -6.887272e-01   0.000000e+00   4.327401e+00   4.555439e+00   0.000000e+00
0     2.389991e+01   0.000000e+00   0.000000e+00   0.000000e+00   0.000000e+00   0.000000e+00   0.000000e+00
1     2.389991e+01   9.917036e-01  -1.285454e-01   0.000000e+00   8.076747e-01   6.231058e+00   0.000000e+00
0     2.399966e+01   0.000000e+00   0.000000e+00   0.000000e+00   0.000000e+00   0.000000e+00   0.000000e+00
1     2.399966e+01   8.785950e-01   4.775676e-01   0.000000e+00  -3.000646e+00   5.520375e+00   0.000000e+00
0     2.409942e+01   0.000000e+00   0.000000e+00   0.000000e+00   0.000000e+00   0.000000e+00   0.000000e+00
1     2.409942e+01   4.314740e-01   9.021254e-01   0.000000e+00  -5.668221e+00   2.711031e+00   0.000000e+00
0     2.419982e+01   0.000000e+00   0.000000e+00   0.000000e+00   0.000000e+00   0.000000e+00   0.000000e+00
1     2.419982e+01  -1.836555e-01   9.829907e-01   0.000000e+00  -6.176312e+00  -1.153942e+00   0.000000e+00
0     2.429958e+01   0.000000e+00   0.000000e+00   0.000000e+00   0.000000e+00   0.000000e+00   0.000000e+00
1     2.429958e+01  -7.253138e-01   6.884184e-01   0.000000e+00  -4.325460e+00  -4.557281e+00   0.000000e+00
0     2.439997e+01   0.000000e+00   0.000000e+00   0.000000e+00   0.000000e+00   0.000000e+00   0.000000e+00
1     2.439997e+01  -9.917583e-01   1.281231e-01   0.000000e+00  -8.050209e-01  -6.231401e+00   0.000000e+00
0     2.449973e+01   0.000000e+00   0.000000e+00   0.000000e+00   0.000000e+00   0.000000e+00   0.000000e+00
1     2.449973e+01  -8.783915e-01  -4.779417e-01   0.000000e+00   3.002996e+00  -5.519097e+00   0.000000e+00
0     2.459949e+01   0.000000e+00   0.000000e+00   0.000000e+00   0.000000e+00   0.000000e+00   0.000000e+00
1     2.459949e+01  -4.310897e-01  -9.023091e-01   0.000000e+00   5.669375e+00  -2.708617e+00   0.000000e+00
0     2.469989e+01   0.000000e+00   0.000000e+00   0.000000e+00   0.000000e+00   0.000000e+00   0.000000e+00
1     2.469989e+01   1.840742e-01  -9.829124e-01   0.000000e+00   6.175820e+00   1.156572e+00   0.000000e+00
0     2.479964e+01   0.000000e+00   0.000000e+00   0.000000e+00   0.000000e+00   0.000000e+00   0.000000e+00
1     2.479964e+01   7.256069e-01  -6.881094e-01   0.000000e+00   4.323519e+00   4.559123e+00   0.000000e+00
0     2.489940e+01   0.000000e+00   0.000000e+00   0.000000e+00   0.000000e+00   0.000000e+00   0.000000e+00
1     2.489940e+01   9.912883e-01  -1.317103e-01   0.000000e+00   8.275601e-01   6.228448e+00   0.000000e+00
0     2.499980e+01   0.000000e+00   0.000000e+00   0.000000e+00   0.000000e+00   0.000000e+00   0.000000e+00
1     2.499980e+01   8.781879e-01   4.783158e-01   0.000000e+00  -3.005347e+00   5.517817e+00   0.000000e+00
0     2.509955e+01   0.000000e+00   0.000000e+00   0.000000e+00   0.000000e+00   0.000000e+00   0.000000e+00
1     2.509955e+01   4.307054e-01   9.024926e-01   0.000000e+00  -5.670528e+00   2.706202e+00   0.000000e+00
0     2.519995e+01   0.000000e+00   0.000000e+00   0.000000e+00   0.000000e+00   0.000000e+00   0.000000e+00
1     2.519995e+01  -1.844928e-01   9.828339e-01   0.000000e+00  -6.175327e+00  -1.159202e+00   0.000000e+00
0     2.529971e+01   0.000000e+00   0.000000e+00   0.000000e+00   0.000000e+00   0.000000e+00   0.000000e+00
1     2.529971e+01  -7.258999e-01   6.878003e-01   0.000000e+00  -4.321577e+00  -4.560964e+00   0.000000e+00
0     2.539947e+01   0.000000e+00   0.000000e+00   0.000000e+00   0.000000e+00   0.000000e+00   0.000000e+00
1     2.539947e+01  -9.913443e-01   1.312881e-01   0.000000e+00  -8.249074e-01  -6.228800e+00   0.000000e+00
0     2.549987e+01   0.000000e+00   0.000000e+00   0.000000e+00   0.000000e+00   0.000000e+00   0.000000e+00
1     2.549987e+01  -8.779841e-01  -4.786898e-01   0.000000e+00   3.007696e+00  -5.516537e+00   0.000000e+00
0     2.559962e+01   0.000000e+00   0.000000e+00   0.000000e+00   0.000000e+00   0.000000e+00   0.000000e+00
1     2.559962e+01  -4.303210e-01  -9.026759e-01   0.000000e+00   5.671680e+00  -2.703787e+00   0.000000e+00
0     2.569938e+01   0.000000e+00   0.000000e+00   0.000000e+00   0.000000e+00   0.000000e+00   0.000000e+00
1     2.569938e+01   1.809358e-01  -9.834949e-01   0.000000e+00   6.179481e+00   1.136853e+00   0.000000e+00
0     2.579978e+01   0.000000e+00   0.000000e+00   0.000000e+00   0.000000e+00   0.000000e+00   0.000000e+00
1     2.579978e+01   7.261928e-01  -6.874911e-01   0.000000e+00   4.319634e+00   4.562804e+00   0.000000e+00
0     2.589953e+01   0.000000e+00   0.000000e+00   0.000000e+00   0.000000e+00   0.000000e+00   0.000000e+00
1     2.589953e+01   9.914001e-01  -1.308659e-01   0.000000e+00   8.222545e-01   6.229150e+00   0.000000e+00
0     2.599993e+01   0.000000e+00   0.000000e+00   0.000000e+00   0.000000e+00   0.000000e+00   0.000000e+00
1     2.599993e+01   8.777802e-01   4.790636e-01   0.000000e+00  -3.010046e+00   5.515255e+00   0.000000e+00
0     2.609969e+01   0.000000e+00   0.000000e+00   0.000000e+00   0.000000e+00   0.000000e+00   0.000000e+00
1     2.609969e+01   4.299365e-01   9.028591e-01   0.000000e+00  -5.672831e+00   2.701371e+00   0.000000e+00
0     2.619945e+01   0.000000e+00   0.000000e+00   0.000000e+00   0.000000e+00   0.000000e+00   0.000000e+00
1     2.619945e+01  -1.813546e-01   9.834178e-01   0.000000e+00  -6.178996e+00  -1.139485e+00   0.000000e+00
0     2.629985e+01   0.000000e+00   0.000000e+00   0.000000e+00   0.000000e+00   0.000000e+00   0.000000e+00
1     2.629985e+01  -7.264855e-01   6.871818e-01   0.000000e+00  -4.317690e+00  -4.564643e+00   0.000000e+00
0     2.639960e+01   0.000000e+00   0.000000e+00   0.000000e+00   0.000000e+00   0.000000e+00   0.000000e+00
1     2.639960e+01  -9.914557e-01   1.304436e-01   0.000000e+00  -8.196015e-01  -6.229500e+00   0.000000e+00
0     2.649936e+01   0.000000e+00   0.000000e+00   0.000000e+00   0.000000e+00   0.000000e+00   0.000000e+00
1     2.649936e+01  -8.795076e-01  -4.758848e-01   0.000000e+00   2.990072e+00  -5.526109e+00   0.000000e+00
0     2.659976e+01   0.000000e+00   0.000000e+00   0.000000e+00   0.000000e+00   0.000000e+00   0.000000e+00
1     2.659976e+01  -4.295520e-01  -9.030421e-01   0.000000e+00   5.673981e+00  -2.698955e+00   0.000000e+00
0     2.669951e+01   0.000000e+00   0.000000e+00   0.000000e+00   0.000000e+00   0.000000e+00   0.000000e+00
1     2.669951e+01   1.817734e-01  -9.833404e-01   0.000000e+00   6.178510e+00   1.142116e+00   0.000000e+00
0     2.679991e+01   0.000000e+00   0.000000e+00   0.000000e+00   0.000000e+00   0.000000e+00   0.000000e+00
1     2.679991e+01   7.267781e-01  -6.868723e-01   0.000000e+00   4.315746e+00   4.566482e+00   0.000000e+00
0     2.689967e+01   0.000000e+00   0.000000e+00   0.000000e+00   0.000000e+00   0.000000e+00   0.000000e+00
1     2.689967e+01   9.915112e-01  -1.300214e-01   0.000000e+00   8.169483e-01   6.229849e+00   0.000000e+00
0     2.699943e+01   0.000000e+00   0.000000e+00   0.000000e+00   0.000000e+00   0.000000e+00   0.000000e+00
1     2.699943e+01   8.793049e-01   4.762593e-01   0.000000e+00  -2.992426e+00   5.524835e+00   0.000000e+00
0     2.709983e+01   0.000000e+00   0.000000e+00   0.000000e+00   0.000000e+00   0.000000e+00   0.000000e+00
1     2.709983e+01   4.291673e-01   9.032250e-01   0.000000e+00  -5.675130e+00   2.696538e+00   0.000000e+00
0     2.719958e+01   0.000000e+00   0.000000e+00   0.000000e+00   0.000000e+00   0.000000e+00   0.000000e+00
1     2.719958e+01  -1.821922e-01   9.832629e-01   0.000000e+00  -6.178023e+00  -1.144747e+00   0.000000e+00
0     2.729998e+01   0.000000e+00   0.000000e+00   0.000000e+00   0.000000e+00   0.000000e+00   0.000000e+00
1     2.729998e+01  -7.270706e-01   6.865627e-01   0.000000e+00  -4.313801e+00  -4.568319e+00   0.000000e+00
0     2.739974e+01   0.000000e+00   0.000000e+00   0.000000e+00   0.000000e+00   0.000000e+00   0.000000e+00
1     2.739974e+01  -9.915665e-01   1.295991e-01   0.000000e+00  -8.142950e-01  -6.230196e+00   0.000000e+00
0     2.749949e+01   0.000000e+00   0.000000e+00   0.000000e+00   0.000000e+00   0.000000e+00   0.000000e+00
1     2.749949e+01  -8.791020e-01  -4.766338e-01   0.000000e+00   2.994778e+00  -5.523560e+00   0.000000e+00
0     2.759989e+01   0.000000e+00   0.000000e+00   0.000000e+00   0.000000e+00   0.000000e+00   0.000000e+00
1     2.759989e+01  -4.287826e-01  -9.034077e-01   0.000000e+00   5.676278e+00  -2.694121e+00   0.000000e+00
0     2.769965e+01   0.000000e+00   0.000000e+00   0.000000e+00   0.000000e+00   0.000000e+00   0.000000e+00
1     2.769965e+01   1.826110e-01  -9.831853e-01   0.000000e+00   6.177535e+00   1.147378e+00   0.000000e+00
0     2.779941e+01   0.000000e+00   0.000000e+00   0.000000e+00   0.000000e+00   0.000000e+00   0.000000e+00
1     2.779941e+01   7.245819e-01  -6.891887e-01   0.000000e+00   4.330300e+00   4.552683e+00   0.000000e+00
0     2.789981e+01   0.000000e+00   0.000000e+00   0.000000e+00   0.000000e+00   0.000000e+00   0.000000e+00
1     2.789981e+01   9.916216e-01  -1.291768e-01   0.000000e+00   8.116416e-01   6.230542e+00   0.000000e+00
0     2.799956e+01   0.000000e+00   0.000000e+00   0.000000e+00   0.000000e+00   0.000000e+00   0.000000e+00
1     2.799956e+01   8.788989e-01   4.770081e-01   0.000000e+00  -2.997131e+00   5.522285e+00   0.000000e+00
0     2.809996e+01   0.000000e+00   0.000000e+00   0.000000e+00   0.000000e+00   0.000000e+00   0.000000e+00
1     2.809996e+01   4.283978e-01   9.035902e-01   0.000000e+00  -5.677425e+00   2.691703e+00   0.000000e+00
0     2.819972e+01   0.000000e+00   0.000000e+00   0.000000e+00   0.000000e+00   0.000000e+00   0.000000e+00
1     2.819972e+01  -1.830297e-01   9.831074e-01   0.000000e+00  -6.177046e+00  -1.150009e+00   0.000000e+00
0     2.829947e+01   0.000000e+00   0.000000e+00   0.000000e+00   0.000000e+00   0.000000e+00   0.000000e+00
1     2.829947e+01  -7.248754e-01   6.888800e-01   0.000000e+00  -4.328361e+00  -4.554526e+00   0.000000e+00
