# id: Particle id
# t: time in code units
# a: semi-major axis in code units
# e: eccentricity 
# i: inclination in rad [0, pi]
# Omega: longitude of ascending node in rad [0, 2pi]
# omega: argument of pericentre in rad [0, 2pi]
# f: true anomaly in rad [0, 2pi]
# P: period in code units
# E: eccentric anomaly in rad [0, 2pi]
# M: mean anomaly in rad [0, 2pi]
#id   t              a              e              i              Omega          omega          f              P              E              M           
1     0.000000e+00   1.000000e+00   4.447223e-16   0.000000e+00   0.000000e+00   0.000000e+00   5.000000e-01   1.000000e+00   5.000000e-01   5.000000e-01
1     9.985257e-02   1.000000e+00   2.441505e-12   0.000000e+00   0.000000e+00   0.000000e+00   1.127392e+00   1.000000e+00   1.127392e+00   1.127392e+00
1     1.996333e-01   1.000000e+00   4.789746e-12   0.000000e+00   0.000000e+00   0.000000e+00   1.754333e+00   1.000000e+00   1.754333e+00   1.754333e+00
1     2.994142e-01   1.000000e+00   6.673005e-12   0.000000e+00   0.000000e+00   0.000000e+00   2.381275e+00   1.000000e+00   2.381275e+00   2.381275e+00
1     3.998361e-01   1.000000e+00   7.917477e-12   0.000000e+00   0.000000e+00   0.000000e+00   3.012244e+00   1.000000e+00   3.012244e+00   3.012244e+00
1     4.996105e-01   1.000000e+00   8.389645e-12   0.000000e+00   0.000000e+00   0.000000e+00   3.639145e+00   1.000000e+00   3.639145e+00   3.639145e+00
1     5.993815e-01   1.000000e+00   8.035494e-12   0.000000e+00   0.000000e+00   0.000000e+00   4.266025e+00   1.000000e+00   4.266025e+00   4.266025e+00
1     6.997936e-01   1.000000e+00   6.883167e-12   0.000000e+00   0.000000e+00   0.000000e+00   4.896933e+00   1.000000e+00   4.896933e+00   4.896933e+00
1     7.995596e-01   1.000000e+00   5.057921e-12   0.000000e+00   0.000000e+00   0.000000e+00   5.523781e+00   1.000000e+00   5.523781e+00   5.523781e+00
1     8.999675e-01   1.000000e+00   2.719407e-12   0.000000e+00   0.000000e+00   0.000000e+00   6.154663e+00   1.000000e+00   6.154663e+00   6.154663e+00
1     9.997304e-01   1.000000e+00   1.374129e-13   0.000000e+00   0.000000e+00   0.000000e+00   4.983059e-01   1.000000e+00   4.983059e-01   4.983059e-01
1     1.099492e+00   1.000000e+00   2.464720e-12   0.000000e+00   0.000000e+00   0.000000e+00   1.125127e+00   1.000000e+00   1.125127e+00   1.125127e+00
1     1.199896e+00   1.000000e+00   4.842004e-12   0.000000e+00   0.000000e+00   0.000000e+00   1.755986e+00   1.000000e+00   1.755986e+00   1.755986e+00
1     1.299656e+00   1.000000e+00   6.732520e-12   0.000000e+00   0.000000e+00   0.000000e+00   2.382797e+00   1.000000e+00   2.382797e+00   2.382797e+00
1     1.399416e+00   1.000000e+00   7.966499e-12   0.000000e+00   0.000000e+00   0.000000e+00   3.009604e+00   1.000000e+00   3.009604e+00   3.009604e+00
1     1.499818e+00   1.000000e+00   8.427238e-12   0.000000e+00   0.000000e+00   0.000000e+00   3.640451e+00   1.000000e+00   3.640451e+00   3.640451e+00
1     1.599577e+00   1.000000e+00   8.056433e-12   0.000000e+00   0.000000e+00   0.000000e+00   4.267251e+00   1.000000e+00   4.267251e+00   4.267251e+00
1     1.699978e+00   1.000000e+00   6.900711e-12   0.000000e+00   0.000000e+00   0.000000e+00   4.898092e+00   1.000000e+00   4.898092e+00   4.898092e+00
1     1.799736e+00   1.000000e+00   5.069397e-12   0.000000e+00   0.000000e+00   0.000000e+00   5.524888e+00   1.000000e+00   5.524888e+00   5.524888e+00
1     1.899493e+00   1.000000e+00   2.746777e-12   0.000000e+00   0.000000e+00   0.000000e+00   6.151682e+00   1.000000e+00   6.151682e+00   6.151682e+00
1     1.999894e+00   1.000000e+00   1.416803e-13   0.000000e+00   0.000000e+00   0.000000e+00   4.993332e-01   1.000000e+00   4.993332e-01   4.993332e-01
1     2.099651e+00   1.000000e+00   2.474627e-12   0.000000e+00   0.000000e+00   0.000000e+00   1.126125e+00   1.000000e+00   1.126125e+00   1.126125e+00
1     2.199408e+00   1.000000e+00   4.849789e-12   0.000000e+00   0.000000e+00   0.000000e+00   1.752915e+00   1.000000e+00   1.752915e+00   1.752915e+00
1     2.299808e+00   1.000000e+00   6.761522e-12   0.000000e+00   0.000000e+00   0.000000e+00   2.383749e+00   1.000000e+00   2.383749e+00   2.383749e+00
1     2.399565e+00   1.000000e+00   8.006318e-12   0.000000e+00   0.000000e+00   0.000000e+00   3.010538e+00   1.000000e+00   3.010538e+00   3.010538e+00
1     2.499965e+00   1.000000e+00   8.460663e-12   0.000000e+00   0.000000e+00   0.000000e+00   3.641371e+00   1.000000e+00   3.641371e+00   3.641371e+00
1     2.599721e+00   1.000000e+00   8.064948e-12   0.000000e+00   0.000000e+00   0.000000e+00   4.268159e+00   1.000000e+00   4.268159e+00   4.268159e+00
1     2.699478e+00   1.000000e+00   6.918481e-12   0.000000e+00   0.000000e+00   0.000000e+00   4.894947e+00   1.000000e+00   4.894947e+00   4.894947e+00
1     2.799877e+00   1.000000e+00   5.072925e-12   0.000000e+00   0.000000e+00   0.000000e+00   5.525778e+00   1.000000e+00   5.525778e+00   5.525778e+00
1     2.899634e+00   1.000000e+00   2.744230e-12   0.000000e+00   0.000000e+00   0.000000e+00   6.152566e+00   1.000000e+00   6.152566e+00   6.152566e+00
1     2.999390e+00   1.000000e+00   1.541647e-13   0.000000e+00   0.000000e+00   0.000000e+00   4.961674e-01   1.000000e+00   4.961674e-01   4.961674e-01
1     3.099790e+00   1.000000e+00   2.481275e-12   0.000000e+00   0.000000e+00   0.000000e+00   1.126998e+00   1.000000e+00   1.126998e+00   1.126998e+00
1     3.199546e+00   1.000000e+00   4.855390e-12   0.000000e+00   0.000000e+00   0.000000e+00   1.753785e+00   1.000000e+00   1.753785e+00   1.753785e+00
1     3.299946e+00   1.000000e+00   6.772730e-12   0.000000e+00   0.000000e+00   0.000000e+00   2.384616e+00   1.000000e+00   2.384616e+00   2.384616e+00
1     3.399702e+00   1.000000e+00   8.021257e-12   0.000000e+00   0.000000e+00   0.000000e+00   3.011402e+00   1.000000e+00   3.011402e+00   3.011402e+00
1     3.499458e+00   1.000000e+00   8.489758e-12   0.000000e+00   0.000000e+00   0.000000e+00   3.638189e+00   1.000000e+00   3.638189e+00   3.638189e+00
1     3.599858e+00   1.000000e+00   8.126354e-12   0.000000e+00   0.000000e+00   0.000000e+00   4.269019e+00   1.000000e+00   4.269019e+00   4.269019e+00
1     3.699614e+00   1.000000e+00   6.971139e-12   0.000000e+00   0.000000e+00   0.000000e+00   4.895806e+00   1.000000e+00   4.895806e+00   4.895806e+00
1     3.799370e+00   1.000000e+00   5.135499e-12   0.000000e+00   0.000000e+00   0.000000e+00   5.522592e+00   1.000000e+00   5.522592e+00   5.522592e+00
1     3.899770e+00   1.000000e+00   2.780617e-12   0.000000e+00   0.000000e+00   0.000000e+00   6.153422e+00   1.000000e+00   6.153422e+00   6.153422e+00
1     3.999526e+00   1.000000e+00   1.963774e-13   0.000000e+00   0.000000e+00   0.000000e+00   4.970233e-01   1.000000e+00   4.970233e-01   4.970233e-01
1     4.099926e+00   1.000000e+00   2.488096e-12   0.000000e+00   0.000000e+00   0.000000e+00   1.127853e+00   1.000000e+00   1.127853e+00   1.127853e+00
1     4.199682e+00   1.000000e+00   4.884259e-12   0.000000e+00   0.000000e+00   0.000000e+00   1.754640e+00   1.000000e+00   1.754640e+00   1.754640e+00
1     4.299438e+00   1.000000e+00   6.803496e-12   0.000000e+00   0.000000e+00   0.000000e+00   2.381426e+00   1.000000e+00   2.381426e+00   2.381426e+00
1     4.399838e+00   1.000000e+00   8.064370e-12   0.000000e+00   0.000000e+00   0.000000e+00   3.012256e+00   1.000000e+00   3.012256e+00   3.012256e+00
1     4.499594e+00   1.000000e+00   8.528289e-12   0.000000e+00   0.000000e+00   0.000000e+00   3.639042e+00   1.000000e+00   3.639042e+00   3.639042e+00
1     4.599994e+00   1.000000e+00   8.154393e-12   0.000000e+00   0.000000e+00   0.000000e+00   4.269872e+00   1.000000e+00   4.269872e+00   4.269872e+00
1     4.699750e+00   1.000000e+00   6.989496e-12   0.000000e+00   0.000000e+00   0.000000e+00   4.896659e+00   1.000000e+00   4.896659e+00   4.896659e+00
1     4.799506e+00   1.000000e+00   5.148472e-12   0.000000e+00   0.000000e+00   0.000000e+00   5.523445e+00   1.000000e+00   5.523445e+00   5.523445e+00
1     4.899906e+00   1.000000e+00   2.787392e-12   0.000000e+00   0.000000e+00   0.000000e+00   6.154275e+00   1.000000e+00   6.154275e+00   6.154275e+00
1     4.999662e+00   1.000000e+00   1.945687e-13   0.000000e+00   0.000000e+00   0.000000e+00   4.978759e-01   1.000000e+00   4.978759e-01   4.978759e-01
1     5.099418e+00   1.000000e+00   2.479256e-12   0.000000e+00   0.000000e+00   0.000000e+00   1.124662e+00   1.000000e+00   1.124662e+00   1.124662e+00
1     5.199818e+00   1.000000e+00   4.892059e-12   0.000000e+00   0.000000e+00   0.000000e+00   1.755492e+00   1.000000e+00   1.755492e+00   1.755492e+00
1     5.299574e+00   1.000000e+00   6.807140e-12   0.000000e+00   0.000000e+00   0.000000e+00   2.382278e+00   1.000000e+00   2.382278e+00   2.382278e+00
1     5.399974e+00   1.000000e+00   8.062483e-12   0.000000e+00   0.000000e+00   0.000000e+00   3.013108e+00   1.000000e+00   3.013108e+00   3.013108e+00
1     5.499730e+00   1.000000e+00   8.522179e-12   0.000000e+00   0.000000e+00   0.000000e+00   3.639894e+00   1.000000e+00   3.639894e+00   3.639894e+00
1     5.599486e+00   1.000000e+00   8.154352e-12   0.000000e+00   0.000000e+00   0.000000e+00   4.266681e+00   1.000000e+00   4.266681e+00   4.266681e+00
1     5.699886e+00   1.000000e+00   6.996037e-12   0.000000e+00   0.000000e+00   0.000000e+00   4.897511e+00   1.000000e+00   4.897511e+00   4.897511e+00
1     5.799642e+00   1.000000e+00   5.165843e-12   0.000000e+00   0.000000e+00   0.000000e+00   5.524297e+00   1.000000e+00   5.524297e+00   5.524297e+00
1     5.899398e+00   1.000000e+00   2.834651e-12   0.000000e+00   0.000000e+00   0.000000e+00   6.151083e+00   1.000000e+00   6.151083e+00   6.151083e+00
1     5.999798e+00   1.000000e+00   2.303354e-13   0.000000e+00   0.000000e+00   0.000000e+00   4.987278e-01   1.000000e+00   4.987278e-01   4.987278e-01
1     6.099554e+00   1.000000e+00   2.423686e-12   0.000000e+00   0.000000e+00   0.000000e+00   1.125514e+00   1.000000e+00   1.125514e+00   1.125514e+00
1     6.199953e+00   1.000000e+00   4.834352e-12   0.000000e+00   0.000000e+00   0.000000e+00   1.756344e+00   1.000000e+00   1.756344e+00   1.756344e+00
1     6.299709e+00   1.000000e+00   6.755660e-12   0.000000e+00   0.000000e+00   0.000000e+00   2.383130e+00   1.000000e+00   2.383130e+00   2.383130e+00
1     6.399466e+00   1.000000e+00   8.023065e-12   0.000000e+00   0.000000e+00   0.000000e+00   3.009916e+00   1.000000e+00   3.009916e+00   3.009916e+00
1     6.499865e+00   1.000000e+00   8.518337e-12   0.000000e+00   0.000000e+00   0.000000e+00   3.640746e+00   1.000000e+00   3.640746e+00   3.640746e+00
1     6.599621e+00   1.000000e+00   8.183847e-12   0.000000e+00   0.000000e+00   0.000000e+00   4.267533e+00   1.000000e+00   4.267533e+00   4.267533e+00
1     6.699378e+00   1.000000e+00   7.061963e-12   0.000000e+00   0.000000e+00   0.000000e+00   4.894319e+00   1.000000e+00   4.894319e+00   4.894319e+00
1     6.799777e+00   1.000000e+00   5.241000e-12   0.000000e+00   0.000000e+00   0.000000e+00   5.525149e+00   1.000000e+00   5.525149e+00   5.525149e+00
1     6.899533e+00   1.000000e+00   2.920832e-12   0.000000e+00   0.000000e+00   0.000000e+00   6.151935e+00   1.000000e+00   6.151935e+00   6.151935e+00
1     6.999933e+00   1.000000e+00   3.130506e-13   0.000000e+00   0.000000e+00   0.000000e+00   4.995796e-01   1.000000e+00   4.995796e-01   4.995796e-01
1     7.099689e+00   1.000000e+00   2.342494e-12   0.000000e+00   0.000000e+00   0.000000e+00   1.126366e+00   1.000000e+00   1.126366e+00   1.126366e+00
1     7.199445e+00   1.000000e+00   4.755648e-12   0.000000e+00   0.000000e+00   0.000000e+00   1.753152e+00   1.000000e+00   1.753152e+00   1.753152e+00
1     7.299845e+00   1.000000e+00   6.717505e-12   0.000000e+00   0.000000e+00   0.000000e+00   2.383982e+00   1.000000e+00   2.383982e+00   2.383982e+00
1     7.399601e+00   1.000000e+00   8.016482e-12   0.000000e+00   0.000000e+00   0.000000e+00   3.010768e+00   1.000000e+00   3.010768e+00   3.010768e+00
1     7.499357e+00   1.000000e+00   8.542237e-12   0.000000e+00   0.000000e+00   0.000000e+00   3.637554e+00   1.000000e+00   3.637554e+00   3.637554e+00
1     7.599757e+00   1.000000e+00   8.234491e-12   0.000000e+00   0.000000e+00   0.000000e+00   4.268384e+00   1.000000e+00   4.268384e+00   4.268384e+00
1     7.699513e+00   1.000000e+00   7.129458e-12   0.000000e+00   0.000000e+00   0.000000e+00   4.895170e+00   1.000000e+00   4.895170e+00   4.895170e+00
1     7.799913e+00   1.000000e+00   5.316299e-12   0.000000e+00   0.000000e+00   0.000000e+00   5.526000e+00   1.000000e+00   5.526000e+00   5.526000e+00
1     7.899669e+00   1.000000e+00   2.991341e-12   0.000000e+00   0.000000e+00   0.000000e+00   6.152787e+00   1.000000e+00   6.152787e+00   6.152787e+00
1     7.999425e+00   1.000000e+00   3.847568e-13   0.000000e+00   0.000000e+00   0.000000e+00   4.963875e-01   1.000000e+00   4.963875e-01   4.963875e-01
1     8.099825e+00   1.000000e+00   2.303776e-12   0.000000e+00   0.000000e+00   0.000000e+00   1.127217e+00   1.000000e+00   1.127217e+00   1.127217e+00
1     8.199581e+00   1.000000e+00   4.728195e-12   0.000000e+00   0.000000e+00   0.000000e+00   1.754004e+00   1.000000e+00   1.754004e+00   1.754004e+00
1     8.299981e+00   1.000000e+00   6.692380e-12   0.000000e+00   0.000000e+00   0.000000e+00   2.384834e+00   1.000000e+00   2.384834e+00   2.384834e+00
1     8.399737e+00   1.000000e+00   7.991310e-12   0.000000e+00   0.000000e+00   0.000000e+00   3.011620e+00   1.000000e+00   3.011620e+00   3.011620e+00
1     8.499493e+00   1.000000e+00   8.517534e-12   0.000000e+00   0.000000e+00   0.000000e+00   3.638406e+00   1.000000e+00   3.638406e+00   3.638406e+00
1     8.599893e+00   1.000000e+00   8.221410e-12   0.000000e+00   0.000000e+00   0.000000e+00   4.269236e+00   1.000000e+00   4.269236e+00   4.269236e+00
1     8.699649e+00   1.000000e+00   7.141654e-12   0.000000e+00   0.000000e+00   0.000000e+00   4.896022e+00   1.000000e+00   4.896022e+00   4.896022e+00
1     8.799405e+00   1.000000e+00   5.371462e-12   0.000000e+00   0.000000e+00   0.000000e+00   5.522808e+00   1.000000e+00   5.522808e+00   5.522808e+00
1     8.899804e+00   1.000000e+00   3.063129e-12   0.000000e+00   0.000000e+00   0.000000e+00   6.153638e+00   1.000000e+00   6.153638e+00   6.153638e+00
1     8.999561e+00   1.000000e+00   4.771964e-13   0.000000e+00   0.000000e+00   0.000000e+00   4.972393e-01   1.000000e+00   4.972393e-01   4.972393e-01
1     9.099960e+00   1.000000e+00   2.202030e-12   0.000000e+00   0.000000e+00   0.000000e+00   1.128069e+00   1.000000e+00   1.128069e+00   1.128069e+00
1     9.199716e+00   1.000000e+00   4.638686e-12   0.000000e+00   0.000000e+00   0.000000e+00   1.754855e+00   1.000000e+00   1.754855e+00   1.754855e+00
1     9.299473e+00   1.000000e+00   6.628142e-12   0.000000e+00   0.000000e+00   0.000000e+00   2.381642e+00   1.000000e+00   2.381642e+00   2.381642e+00
1     9.399872e+00   1.000000e+00   7.979141e-12   0.000000e+00   0.000000e+00   0.000000e+00   3.012472e+00   1.000000e+00   3.012472e+00   3.012472e+00
1     9.499628e+00   1.000000e+00   8.554351e-12   0.000000e+00   0.000000e+00   0.000000e+00   3.639258e+00   1.000000e+00   3.639258e+00   3.639258e+00
1     9.599385e+00   1.000000e+00   8.297504e-12   0.000000e+00   0.000000e+00   0.000000e+00   4.266044e+00   1.000000e+00   4.266044e+00   4.266044e+00
1     9.699784e+00   1.000000e+00   7.238302e-12   0.000000e+00   0.000000e+00   0.000000e+00   4.896874e+00   1.000000e+00   4.896874e+00   4.896874e+00
1     9.799540e+00   1.000000e+00   5.482708e-12   0.000000e+00   0.000000e+00   0.000000e+00   5.523660e+00   1.000000e+00   5.523660e+00   5.523660e+00
1     9.899940e+00   1.000000e+00   3.178488e-12   0.000000e+00   0.000000e+00   0.000000e+00   6.154490e+00   1.000000e+00   6.154490e+00   6.154490e+00
1     9.999696e+00   1.000000e+00   5.943898e-13   0.000000e+00   0.000000e+00   0.000000e+00   4.980910e-01   1.000000e+00   4.980910e-01   4.980910e-01
1     1.009945e+01   1.000000e+00   2.099639e-12   0.000000e+00   0.000000e+00   0.000000e+00   1.124877e+00   1.000000e+00   1.124877e+00   1.124877e+00
1     1.019985e+01   1.000000e+00   4.580321e-12   0.000000e+00   0.000000e+00   0.000000e+00   1.755707e+00   1.000000e+00   1.755707e+00   1.755707e+00
1     1.029961e+01   1.000000e+00   6.605015e-12   0.000000e+00   0.000000e+00   0.000000e+00   2.382493e+00   1.000000e+00   2.382493e+00   2.382493e+00
1     1.039936e+01   1.000000e+00   7.987127e-12   0.000000e+00   0.000000e+00   0.000000e+00   3.009280e+00   1.000000e+00   3.009280e+00   3.009280e+00
1     1.049976e+01   1.000000e+00   8.584499e-12   0.000000e+00   0.000000e+00   0.000000e+00   3.640109e+00   1.000000e+00   3.640109e+00   3.640109e+00
1     1.059952e+01   1.000000e+00   8.322711e-12   0.000000e+00   0.000000e+00   0.000000e+00   4.266896e+00   1.000000e+00   4.266896e+00   4.266896e+00
1     1.069992e+01   1.000000e+00   7.232744e-12   0.000000e+00   0.000000e+00   0.000000e+00   4.897726e+00   1.000000e+00   4.897726e+00   4.897726e+00
1     1.079968e+01   1.000000e+00   5.450583e-12   0.000000e+00   0.000000e+00   0.000000e+00   5.524512e+00   1.000000e+00   5.524512e+00   5.524512e+00
1     1.089943e+01   1.000000e+00   3.150128e-12   0.000000e+00   0.000000e+00   0.000000e+00   6.151298e+00   1.000000e+00   6.151298e+00   6.151298e+00
1     1.099983e+01   1.000000e+00   5.453948e-13   0.000000e+00   0.000000e+00   0.000000e+00   4.989427e-01   1.000000e+00   4.989427e-01   4.989427e-01
1     1.109959e+01   1.000000e+00   2.115399e-12   0.000000e+00   0.000000e+00   0.000000e+00   1.125729e+00   1.000000e+00   1.125729e+00   1.125729e+00
1     1.119999e+01   1.000000e+00   4.564538e-12   0.000000e+00   0.000000e+00   0.000000e+00   1.756559e+00   1.000000e+00   1.756559e+00   1.756559e+00
1     1.129974e+01   1.000000e+00   6.557585e-12   0.000000e+00   0.000000e+00   0.000000e+00   2.383345e+00   1.000000e+00   2.383345e+00   2.383345e+00
1     1.139950e+01   1.000000e+00   7.926732e-12   0.000000e+00   0.000000e+00   0.000000e+00   3.010131e+00   1.000000e+00   3.010131e+00   3.010131e+00
1     1.149990e+01   1.000000e+00   8.550113e-12   0.000000e+00   0.000000e+00   0.000000e+00   3.640961e+00   1.000000e+00   3.640961e+00   3.640961e+00
1     1.159966e+01   1.000000e+00   8.352483e-12   0.000000e+00   0.000000e+00   0.000000e+00   4.267747e+00   1.000000e+00   4.267747e+00   4.267747e+00
1     1.169941e+01   1.000000e+00   7.354618e-12   0.000000e+00   0.000000e+00   0.000000e+00   4.894534e+00   1.000000e+00   4.894534e+00   4.894534e+00
1     1.179981e+01   1.000000e+00   5.617851e-12   0.000000e+00   0.000000e+00   0.000000e+00   5.525364e+00   1.000000e+00   5.525364e+00   5.525364e+00
1     1.189957e+01   1.000000e+00   3.335348e-12   0.000000e+00   0.000000e+00   0.000000e+00   6.152150e+00   1.000000e+00   6.152150e+00   6.152150e+00
1     1.199997e+01   1.000000e+00   7.318788e-13   0.000000e+00   0.000000e+00   0.000000e+00   4.997944e-01   1.000000e+00   4.997944e-01   4.997944e-01
1     1.209972e+01   1.000000e+00   2.026205e-12   0.000000e+00   0.000000e+00   0.000000e+00   1.126581e+00   1.000000e+00   1.126581e+00   1.126581e+00
1     1.219948e+01   1.000000e+00   4.530314e-12   0.000000e+00   0.000000e+00   0.000000e+00   1.753367e+00   1.000000e+00   1.753367e+00   1.753367e+00
1     1.229988e+01   1.000000e+00   6.616295e-12   0.000000e+00   0.000000e+00   0.000000e+00   2.384197e+00   1.000000e+00   2.384197e+00   2.384197e+00
1     1.239964e+01   1.000000e+00   8.045180e-12   0.000000e+00   0.000000e+00   0.000000e+00   3.010983e+00   1.000000e+00   3.010983e+00   3.010983e+00
1     1.249939e+01   1.000000e+00   8.691752e-12   0.000000e+00   0.000000e+00   0.000000e+00   3.637769e+00   1.000000e+00   3.637769e+00   3.637769e+00
1     1.259979e+01   1.000000e+00   8.481011e-12   0.000000e+00   0.000000e+00   0.000000e+00   4.268599e+00   1.000000e+00   4.268599e+00   4.268599e+00
1     1.269955e+01   1.000000e+00   7.438088e-12   0.000000e+00   0.000000e+00   0.000000e+00   4.895385e+00   1.000000e+00   4.895385e+00   4.895385e+00
1     1.279995e+01   1.000000e+00   5.655197e-12   0.000000e+00   0.000000e+00   0.000000e+00   5.526215e+00   1.000000e+00   5.526215e+00   5.526215e+00
1     1.289970e+01   1.000000e+00   3.334861e-12   0.000000e+00   0.000000e+00   0.000000e+00   6.153001e+00   1.000000e+00   6.153001e+00   6.153001e+00
1     1.299946e+01   1.000000e+00   7.287196e-13   0.000000e+00   0.000000e+00   0.000000e+00   4.966024e-01   1.000000e+00   4.966024e-01   4.966024e-01
1     1.309986e+01   1.000000e+00   2.060733e-12   0.000000e+00   0.000000e+00   0.000000e+00   1.127432e+00   1.000000e+00   1.127432e+00   1.127432e+00
1     1.319962e+01   1.000000e+00   4.557107e-12   0.000000e+00   0.000000e+00   0.000000e+00   1.754219e+00   1.000000e+00   1.754219e+00   1.754219e+00
1     1.329937e+01   1.000000e+00   6.611226e-12   0.000000e+00   0.000000e+00   0.000000e+00   2.381005e+00   1.000000e+00   2.381005e+00   2.381005e+00
1     1.339977e+01   1.000000e+00   8.025068e-12   0.000000e+00   0.000000e+00   0.000000e+00   3.011835e+00   1.000000e+00   3.011835e+00   3.011835e+00
1     1.349953e+01   1.000000e+00   8.644580e-12   0.000000e+00   0.000000e+00   0.000000e+00   3.638621e+00   1.000000e+00   3.638621e+00   3.638621e+00
1     1.359993e+01   1.000000e+00   8.411961e-12   0.000000e+00   0.000000e+00   0.000000e+00   4.269451e+00   1.000000e+00   4.269451e+00   4.269451e+00
1     1.369968e+01   1.000000e+00   7.365296e-12   0.000000e+00   0.000000e+00   0.000000e+00   4.896237e+00   1.000000e+00   4.896237e+00   4.896237e+00
1     1.379944e+01   1.000000e+00   5.600879e-12   0.000000e+00   0.000000e+00   0.000000e+00   5.523023e+00   1.000000e+00   5.523023e+00   5.523023e+00
1     1.389984e+01   1.000000e+00   3.279927e-12   0.000000e+00   0.000000e+00   0.000000e+00   6.153853e+00   1.000000e+00   6.153853e+00   6.153853e+00
1     1.399959e+01   1.000000e+00   6.893245e-13   0.000000e+00   0.000000e+00   0.000000e+00   4.974541e-01   1.000000e+00   4.974541e-01   4.974541e-01
1     1.409999e+01   1.000000e+00   2.071566e-12   0.000000e+00   0.000000e+00   0.000000e+00   1.128284e+00   1.000000e+00   1.128284e+00   1.128284e+00
1     1.419975e+01   1.000000e+00   4.548938e-12   0.000000e+00   0.000000e+00   0.000000e+00   1.755070e+00   1.000000e+00   1.755070e+00   1.755070e+00
1     1.429951e+01   1.000000e+00   6.585258e-12   0.000000e+00   0.000000e+00   0.000000e+00   2.381856e+00   1.000000e+00   2.381856e+00   2.381856e+00
1     1.439991e+01   1.000000e+00   7.989651e-12   0.000000e+00   0.000000e+00   0.000000e+00   3.012686e+00   1.000000e+00   3.012686e+00   3.012686e+00
1     1.449966e+01   1.000000e+00   8.622938e-12   0.000000e+00   0.000000e+00   0.000000e+00   3.639473e+00   1.000000e+00   3.639473e+00   3.639473e+00
1     1.459942e+01   1.000000e+00   8.426100e-12   0.000000e+00   0.000000e+00   0.000000e+00   4.266259e+00   1.000000e+00   4.266259e+00   4.266259e+00
1     1.469982e+01   1.000000e+00   7.418282e-12   0.000000e+00   0.000000e+00   0.000000e+00   4.897089e+00   1.000000e+00   4.897089e+00   4.897089e+00
1     1.479957e+01   1.000000e+00   5.698183e-12   0.000000e+00   0.000000e+00   0.000000e+00   5.523875e+00   1.000000e+00   5.523875e+00   5.523875e+00
1     1.489997e+01   1.000000e+00   3.411403e-12   0.000000e+00   0.000000e+00   0.000000e+00   6.154705e+00   1.000000e+00   6.154705e+00   6.154705e+00
1     1.499973e+01   1.000000e+00   8.232675e-13   0.000000e+00   0.000000e+00   0.000000e+00   4.983058e-01   1.000000e+00   4.983058e-01   4.983058e-01
1     1.509949e+01   1.000000e+00   1.900247e-12   0.000000e+00   0.000000e+00   0.000000e+00   1.125092e+00   1.000000e+00   1.125092e+00   1.125092e+00
1     1.519989e+01   1.000000e+00   4.414801e-12   0.000000e+00   0.000000e+00   0.000000e+00   1.755922e+00   1.000000e+00   1.755922e+00   1.755922e+00
1     1.529964e+01   1.000000e+00   6.490580e-12   0.000000e+00   0.000000e+00   0.000000e+00   2.382708e+00   1.000000e+00   2.382708e+00   2.382708e+00
1     1.539940e+01   1.000000e+00   7.940843e-12   0.000000e+00   0.000000e+00   0.000000e+00   3.009494e+00   1.000000e+00   3.009494e+00   3.009494e+00
1     1.549980e+01   1.000000e+00   8.622699e-12   0.000000e+00   0.000000e+00   0.000000e+00   3.640324e+00   1.000000e+00   3.640324e+00   3.640324e+00
1     1.559955e+01   1.000000e+00   8.460013e-12   0.000000e+00   0.000000e+00   0.000000e+00   4.267111e+00   1.000000e+00   4.267111e+00   4.267111e+00
1     1.569995e+01   1.000000e+00   7.466341e-12   0.000000e+00   0.000000e+00   0.000000e+00   4.897941e+00   1.000000e+00   4.897941e+00   4.897941e+00
1     1.579971e+01   1.000000e+00   5.745475e-12   0.000000e+00   0.000000e+00   0.000000e+00   5.524727e+00   1.000000e+00   5.524727e+00   5.524727e+00
1     1.589947e+01   1.000000e+00   3.463955e-12   0.000000e+00   0.000000e+00   0.000000e+00   6.151513e+00   1.000000e+00   6.151513e+00   6.151513e+00
1     1.599987e+01   1.000000e+00   8.590755e-13   0.000000e+00   0.000000e+00   0.000000e+00   4.991576e-01   1.000000e+00   4.991576e-01   4.991576e-01
1     1.609962e+01   1.000000e+00   1.918180e-12   0.000000e+00   0.000000e+00   0.000000e+00   1.125944e+00   1.000000e+00   1.125944e+00   1.125944e+00
1     1.619938e+01   1.000000e+00   4.434385e-12   0.000000e+00   0.000000e+00   0.000000e+00   1.752730e+00   1.000000e+00   1.752730e+00   1.752730e+00
1     1.629978e+01   1.000000e+00   6.540653e-12   0.000000e+00   0.000000e+00   0.000000e+00   2.383560e+00   1.000000e+00   2.383560e+00   2.383560e+00
1     1.639953e+01   1.000000e+00   8.001027e-12   0.000000e+00   0.000000e+00   0.000000e+00   3.010346e+00   1.000000e+00   3.010346e+00   3.010346e+00
1     1.649993e+01   1.000000e+00   8.694911e-12   0.000000e+00   0.000000e+00   0.000000e+00   3.641176e+00   1.000000e+00   3.641176e+00   3.641176e+00
1     1.659969e+01   1.000000e+00   8.535255e-12   0.000000e+00   0.000000e+00   0.000000e+00   4.267962e+00   1.000000e+00   4.267962e+00   4.267962e+00
1     1.669945e+01   1.000000e+00   7.544639e-12   0.000000e+00   0.000000e+00   0.000000e+00   4.894748e+00   1.000000e+00   4.894748e+00   4.894748e+00
1     1.679985e+01   1.000000e+00   5.808145e-12   0.000000e+00   0.000000e+00   0.000000e+00   5.525578e+00   1.000000e+00   5.525578e+00   5.525578e+00
1     1.689960e+01   1.000000e+00   3.516321e-12   0.000000e+00   0.000000e+00   0.000000e+00   6.152365e+00   1.000000e+00   6.152365e+00   6.152365e+00
1     1.699936e+01   1.000000e+00   9.195510e-13   0.000000e+00   0.000000e+00   0.000000e+00   4.959655e-01   1.000000e+00   4.959655e-01   4.959655e-01
1     1.709976e+01   1.000000e+00   1.917422e-12   0.000000e+00   0.000000e+00   0.000000e+00   1.126796e+00   1.000000e+00   1.126796e+00   1.126796e+00
1     1.719951e+01   1.000000e+00   4.453220e-12   0.000000e+00   0.000000e+00   0.000000e+00   1.753582e+00   1.000000e+00   1.753582e+00   1.753582e+00
1     1.729991e+01   1.000000e+00   6.584210e-12   0.000000e+00   0.000000e+00   0.000000e+00   2.384412e+00   1.000000e+00   2.384412e+00   2.384412e+00
1     1.739967e+01   1.000000e+00   8.074300e-12   0.000000e+00   0.000000e+00   0.000000e+00   3.011198e+00   1.000000e+00   3.011198e+00   3.011198e+00
1     1.749943e+01   1.000000e+00   8.795245e-12   0.000000e+00   0.000000e+00   0.000000e+00   3.637984e+00   1.000000e+00   3.637984e+00   3.637984e+00
1     1.759983e+01   1.000000e+00   8.666938e-12   0.000000e+00   0.000000e+00   0.000000e+00   4.268814e+00   1.000000e+00   4.268814e+00   4.268814e+00
1     1.769958e+01   1.000000e+00   7.705991e-12   0.000000e+00   0.000000e+00   0.000000e+00   4.895600e+00   1.000000e+00   4.895600e+00   4.895600e+00
1     1.779998e+01   1.000000e+00   5.983908e-12   0.000000e+00   0.000000e+00   0.000000e+00   5.526430e+00   1.000000e+00   5.526430e+00   5.526430e+00
1     1.789974e+01   1.000000e+00   3.694813e-12   0.000000e+00   0.000000e+00   0.000000e+00   6.153216e+00   1.000000e+00   6.153216e+00   6.153216e+00
1     1.799949e+01   1.000000e+00   1.106549e-12   0.000000e+00   0.000000e+00   0.000000e+00   4.968173e-01   1.000000e+00   4.968173e-01   4.968173e-01
1     1.809989e+01   1.000000e+00   1.829111e-12   0.000000e+00   0.000000e+00   0.000000e+00   1.127647e+00   1.000000e+00   1.127647e+00   1.127647e+00
1     1.819965e+01   1.000000e+00   4.387935e-12   0.000000e+00   0.000000e+00   0.000000e+00   1.754433e+00   1.000000e+00   1.754433e+00   1.754433e+00
1     1.829941e+01   1.000000e+00   6.550322e-12   0.000000e+00   0.000000e+00   0.000000e+00   2.381220e+00   1.000000e+00   2.381220e+00   2.381220e+00
1     1.839981e+01   1.000000e+00   8.094824e-12   0.000000e+00   0.000000e+00   0.000000e+00   3.012050e+00   1.000000e+00   3.012050e+00   3.012050e+00
1     1.849956e+01   1.000000e+00   8.848450e-12   0.000000e+00   0.000000e+00   0.000000e+00   3.638836e+00   1.000000e+00   3.638836e+00   3.638836e+00
1     1.859996e+01   1.000000e+00   8.737994e-12   0.000000e+00   0.000000e+00   0.000000e+00   4.269666e+00   1.000000e+00   4.269666e+00   4.269666e+00
1     1.869972e+01   1.000000e+00   7.773424e-12   0.000000e+00   0.000000e+00   0.000000e+00   4.896452e+00   1.000000e+00   4.896452e+00   4.896452e+00
1     1.879947e+01   1.000000e+00   6.047057e-12   0.000000e+00   0.000000e+00   0.000000e+00   5.523238e+00   1.000000e+00   5.523238e+00   5.523238e+00
1     1.889987e+01   1.000000e+00   3.723938e-12   0.000000e+00   0.000000e+00   0.000000e+00   6.154068e+00   1.000000e+00   6.154068e+00   6.154068e+00
1     1.899963e+01   1.000000e+00   1.145617e-12   0.000000e+00   0.000000e+00   0.000000e+00   4.976691e-01   1.000000e+00   4.976691e-01   4.976691e-01
1     1.909939e+01   1.000000e+00   1.890389e-12   0.000000e+00   0.000000e+00   0.000000e+00   1.124455e+00   1.000000e+00   1.124455e+00   1.124455e+00
1     1.919978e+01   1.000000e+00   4.469711e-12   0.000000e+00   0.000000e+00   0.000000e+00   1.755285e+00   1.000000e+00   1.755285e+00   1.755285e+00
1     1.929954e+01   1.000000e+00   6.638560e-12   0.000000e+00   0.000000e+00   0.000000e+00   2.382071e+00   1.000000e+00   2.382071e+00   2.382071e+00
1     1.939994e+01   1.000000e+00   8.176184e-12   0.000000e+00   0.000000e+00   0.000000e+00   3.012901e+00   1.000000e+00   3.012901e+00   3.012901e+00
1     1.949970e+01   1.000000e+00   8.914295e-12   0.000000e+00   0.000000e+00   0.000000e+00   3.639688e+00   1.000000e+00   3.639688e+00   3.639688e+00
1     1.959945e+01   1.000000e+00   8.787237e-12   0.000000e+00   0.000000e+00   0.000000e+00   4.266474e+00   1.000000e+00   4.266474e+00   4.266474e+00
1     1.969985e+01   1.000000e+00   7.798061e-12   0.000000e+00   0.000000e+00   0.000000e+00   4.897304e+00   1.000000e+00   4.897304e+00   4.897304e+00
1     1.979961e+01   1.000000e+00   6.059904e-12   0.000000e+00   0.000000e+00   0.000000e+00   5.524090e+00   1.000000e+00   5.524090e+00   5.524090e+00
1     1.989936e+01   1.000000e+00   3.744644e-12   0.000000e+00   0.000000e+00   0.000000e+00   6.150876e+00   1.000000e+00   6.150876e+00   6.150876e+00
1     1.999976e+01   1.000000e+00   1.118118e-12   0.000000e+00   0.000000e+00   0.000000e+00   4.985208e-01   1.000000e+00   4.985208e-01   4.985208e-01
1     2.009952e+01   1.000000e+00   1.835958e-12   0.000000e+00   0.000000e+00   0.000000e+00   1.125307e+00   1.000000e+00   1.125307e+00   1.125307e+00
1     2.019992e+01   1.000000e+00   4.428315e-12   0.000000e+00   0.000000e+00   0.000000e+00   1.756137e+00   1.000000e+00   1.756137e+00   1.756137e+00
1     2.029968e+01   1.000000e+00   6.601330e-12   0.000000e+00   0.000000e+00   0.000000e+00   2.382923e+00   1.000000e+00   2.382923e+00   2.382923e+00
1     2.039943e+01   1.000000e+00   8.139113e-12   0.000000e+00   0.000000e+00   0.000000e+00   3.009709e+00   1.000000e+00   3.009709e+00   3.009709e+00
1     2.049983e+01   1.000000e+00   8.890936e-12   0.000000e+00   0.000000e+00   0.000000e+00   3.640539e+00   1.000000e+00   3.640539e+00   3.640539e+00
1     2.059959e+01   1.000000e+00   8.770326e-12   0.000000e+00   0.000000e+00   0.000000e+00   4.267326e+00   1.000000e+00   4.267326e+00   4.267326e+00
1     2.069999e+01   1.000000e+00   7.791023e-12   0.000000e+00   0.000000e+00   0.000000e+00   4.898156e+00   1.000000e+00   4.898156e+00   4.898156e+00
1     2.079974e+01   1.000000e+00   6.050829e-12   0.000000e+00   0.000000e+00   0.000000e+00   5.524942e+00   1.000000e+00   5.524942e+00   5.524942e+00
1     2.089950e+01   1.000000e+00   3.730833e-12   0.000000e+00   0.000000e+00   0.000000e+00   6.151728e+00   1.000000e+00   6.151728e+00   6.151728e+00
1     2.099990e+01   1.000000e+00   1.123506e-12   0.000000e+00   0.000000e+00   0.000000e+00   4.993726e-01   1.000000e+00   4.993726e-01   4.993726e-01
1     2.109966e+01   1.000000e+00   1.915429e-12   0.000000e+00   0.000000e+00   0.000000e+00   1.126159e+00   1.000000e+00   1.126159e+00   1.126159e+00
1     2.119941e+01   1.000000e+00   4.491504e-12   0.000000e+00   0.000000e+00   0.000000e+00   1.752945e+00   1.000000e+00   1.752945e+00   1.752945e+00
1     2.129981e+01   1.000000e+00   6.688089e-12   0.000000e+00   0.000000e+00   0.000000e+00   2.383775e+00   1.000000e+00   2.383775e+00   2.383775e+00
1     2.139957e+01   1.000000e+00   8.233257e-12   0.000000e+00   0.000000e+00   0.000000e+00   3.010561e+00   1.000000e+00   3.010561e+00   3.010561e+00
1     2.149997e+01   1.000000e+00   8.995474e-12   0.000000e+00   0.000000e+00   0.000000e+00   3.641391e+00   1.000000e+00   3.641391e+00   3.641391e+00
1     2.159972e+01   1.000000e+00   8.878812e-12   0.000000e+00   0.000000e+00   0.000000e+00   4.268177e+00   1.000000e+00   4.268177e+00   4.268177e+00
1     2.169948e+01   1.000000e+00   7.909278e-12   0.000000e+00   0.000000e+00   0.000000e+00   4.894964e+00   1.000000e+00   4.894964e+00   4.894964e+00
1     2.179988e+01   1.000000e+00   6.161524e-12   0.000000e+00   0.000000e+00   0.000000e+00   5.525793e+00   1.000000e+00   5.525793e+00   5.525793e+00
1     2.189964e+01   1.000000e+00   3.834154e-12   0.000000e+00   0.000000e+00   0.000000e+00   6.152580e+00   1.000000e+00   6.152580e+00   6.152580e+00
1     2.199939e+01   1.000000e+00   1.240072e-12   0.000000e+00   0.000000e+00   0.000000e+00   4.961806e-01   1.000000e+00   4.961806e-01   4.961806e-01
1     2.209979e+01   1.000000e+00   1.888805e-12   0.000000e+00   0.000000e+00   0.000000e+00   1.127011e+00   1.000000e+00   1.127011e+00   1.127011e+00
1     2.219955e+01   1.000000e+00   4.476087e-12   0.000000e+00   0.000000e+00   0.000000e+00   1.753797e+00   1.000000e+00   1.753797e+00   1.753797e+00
1     2.229995e+01   1.000000e+00   6.692792e-12   0.000000e+00   0.000000e+00   0.000000e+00   2.384627e+00   1.000000e+00   2.384627e+00   2.384627e+00
1     2.239970e+01   1.000000e+00   8.254788e-12   0.000000e+00   0.000000e+00   0.000000e+00   3.011413e+00   1.000000e+00   3.011413e+00   3.011413e+00
1     2.249946e+01   1.000000e+00   9.018860e-12   0.000000e+00   0.000000e+00   0.000000e+00   3.638199e+00   1.000000e+00   3.638199e+00   3.638199e+00
1     2.259986e+01   1.000000e+00   8.895968e-12   0.000000e+00   0.000000e+00   0.000000e+00   4.269029e+00   1.000000e+00   4.269029e+00   4.269029e+00
1     2.269962e+01   1.000000e+00   7.907993e-12   0.000000e+00   0.000000e+00   0.000000e+00   4.895815e+00   1.000000e+00   4.895815e+00   4.895815e+00
1     2.279937e+01   1.000000e+00   6.153385e-12   0.000000e+00   0.000000e+00   0.000000e+00   5.522601e+00   1.000000e+00   5.522601e+00   5.522601e+00
1     2.289977e+01   1.000000e+00   3.800150e-12   0.000000e+00   0.000000e+00   0.000000e+00   6.153431e+00   1.000000e+00   6.153431e+00   6.153431e+00
1     2.299953e+01   1.000000e+00   1.213366e-12   0.000000e+00   0.000000e+00   0.000000e+00   4.970323e-01   1.000000e+00   4.970323e-01   4.970323e-01
1     2.309993e+01   1.000000e+00   1.939366e-12   0.000000e+00   0.000000e+00   0.000000e+00   1.127862e+00   1.000000e+00   1.127862e+00   1.127862e+00
1     2.319968e+01   1.000000e+00   4.517409e-12   0.000000e+00   0.000000e+00   0.000000e+00   1.754649e+00   1.000000e+00   1.754649e+00   1.754649e+00
1     2.329944e+01   1.000000e+00   6.709433e-12   0.000000e+00   0.000000e+00   0.000000e+00   2.381435e+00   1.000000e+00   2.381435e+00   2.381435e+00
1     2.339984e+01   1.000000e+00   8.274187e-12   0.000000e+00   0.000000e+00   0.000000e+00   3.012265e+00   1.000000e+00   3.012265e+00   3.012265e+00
1     2.349960e+01   1.000000e+00   9.040551e-12   0.000000e+00   0.000000e+00   0.000000e+00   3.639051e+00   1.000000e+00   3.639051e+00   3.639051e+00
1     2.360000e+01   1.000000e+00   8.946131e-12   0.000000e+00   0.000000e+00   0.000000e+00   4.269881e+00   1.000000e+00   4.269881e+00   4.269881e+00
1     2.369975e+01   1.000000e+00   8.009003e-12   0.000000e+00   0.000000e+00   0.000000e+00   4.896667e+00   1.000000e+00   4.896667e+00   4.896667e+00
1     2.379951e+01   1.000000e+00   6.302595e-12   0.000000e+00   0.000000e+00   0.000000e+00   5.523453e+00   1.000000e+00   5.523453e+00   5.523453e+00
1     2.389991e+01   1.000000e+00   3.987751e-12   0.000000e+00   0.000000e+00   0.000000e+00   6.154283e+00   1.000000e+00   6.154283e+00   6.154283e+00
1     2.399966e+01   1.000000e+00   1.405439e-12   0.000000e+00   0.000000e+00   0.000000e+00   4.978841e-01   1.000000e+00   4.978841e-01   4.978841e-01
1     2.409942e+01   1.000000e+00   1.768678e-12   0.000000e+00   0.000000e+00   0.000000e+00   1.124670e+00   1.000000e+00   1.124670e+00   1.124670e+00
1     2.419982e+01   1.000000e+00   4.378399e-12   0.000000e+00   0.000000e+00   0.000000e+00   1.755500e+00   1.000000e+00   1.755500e+00   1.755500e+00
1     2.429958e+01   1.000000e+00   6.624474e-12   0.000000e+00   0.000000e+00   0.000000e+00   2.382286e+00   1.000000e+00   2.382286e+00   2.382286e+00
1     2.439997e+01   1.000000e+00   8.261590e-12   0.000000e+00   0.000000e+00   0.000000e+00   3.013116e+00   1.000000e+00   3.013116e+00   3.013116e+00
1     2.449973e+01   1.000000e+00   9.092160e-12   0.000000e+00   0.000000e+00   0.000000e+00   3.639903e+00   1.000000e+00   3.639903e+00   3.639903e+00
1     2.459949e+01   1.000000e+00   9.030833e-12   0.000000e+00   0.000000e+00   0.000000e+00   4.266689e+00   1.000000e+00   4.266689e+00   4.266689e+00
1     2.469989e+01   1.000000e+00   8.071664e-12   0.000000e+00   0.000000e+00   0.000000e+00   4.897519e+00   1.000000e+00   4.897519e+00   4.897519e+00
1     2.479964e+01   1.000000e+00   6.323494e-12   0.000000e+00   0.000000e+00   0.000000e+00   5.524305e+00   1.000000e+00   5.524305e+00   5.524305e+00
1     2.489940e+01   1.000000e+00   3.969248e-12   0.000000e+00   0.000000e+00   0.000000e+00   6.151091e+00   1.000000e+00   6.151091e+00   6.151091e+00
1     2.499980e+01   1.000000e+00   1.348138e-12   0.000000e+00   0.000000e+00   0.000000e+00   4.987359e-01   1.000000e+00   4.987359e-01   4.987359e-01
1     2.509955e+01   1.000000e+00   1.920897e-12   0.000000e+00   0.000000e+00   0.000000e+00   1.125522e+00   1.000000e+00   1.125522e+00   1.125522e+00
1     2.519995e+01   1.000000e+00   4.547043e-12   0.000000e+00   0.000000e+00   0.000000e+00   1.756352e+00   1.000000e+00   1.756352e+00   1.756352e+00
1     2.529971e+01   1.000000e+00   6.781274e-12   0.000000e+00   0.000000e+00   0.000000e+00   2.383138e+00   1.000000e+00   2.383138e+00   2.383138e+00
1     2.539947e+01   1.000000e+00   8.354755e-12   0.000000e+00   0.000000e+00   0.000000e+00   3.009924e+00   1.000000e+00   3.009924e+00   3.009924e+00
1     2.549987e+01   1.000000e+00   9.100991e-12   0.000000e+00   0.000000e+00   0.000000e+00   3.640754e+00   1.000000e+00   3.640754e+00   3.640754e+00
1     2.559962e+01   1.000000e+00   8.935510e-12   0.000000e+00   0.000000e+00   0.000000e+00   4.267541e+00   1.000000e+00   4.267541e+00   4.267541e+00
1     2.569938e+01   1.000000e+00   7.903680e-12   0.000000e+00   0.000000e+00   0.000000e+00   4.894327e+00   1.000000e+00   4.894327e+00   4.894327e+00
1     2.579978e+01   1.000000e+00   6.099609e-12   0.000000e+00   0.000000e+00   0.000000e+00   5.525157e+00   1.000000e+00   5.525157e+00   5.525157e+00
1     2.589953e+01   1.000000e+00   3.743781e-12   0.000000e+00   0.000000e+00   0.000000e+00   6.151943e+00   1.000000e+00   6.151943e+00   6.151943e+00
1     2.599993e+01   1.000000e+00   1.130172e-12   0.000000e+00   0.000000e+00   0.000000e+00   4.995877e-01   1.000000e+00   4.995877e-01   4.995877e-01
1     2.609969e+01   1.000000e+00   1.929274e-12   0.000000e+00   0.000000e+00   0.000000e+00   1.126374e+00   1.000000e+00   1.126374e+00   1.126374e+00
1     2.619945e+01   1.000000e+00   4.481250e-12   0.000000e+00   0.000000e+00   0.000000e+00   1.753160e+00   1.000000e+00   1.753160e+00   1.753160e+00
1     2.629985e+01   1.000000e+00   6.638336e-12   0.000000e+00   0.000000e+00   0.000000e+00   2.383990e+00   1.000000e+00   2.383990e+00   2.383990e+00
1     2.639960e+01   1.000000e+00   8.137723e-12   0.000000e+00   0.000000e+00   0.000000e+00   3.010776e+00   1.000000e+00   3.010776e+00   3.010776e+00
1     2.649936e+01   1.000000e+00   8.858381e-12   0.000000e+00   0.000000e+00   0.000000e+00   3.637562e+00   1.000000e+00   3.637562e+00   3.637562e+00
1     2.659976e+01   1.000000e+00   8.733170e-12   0.000000e+00   0.000000e+00   0.000000e+00   4.268392e+00   1.000000e+00   4.268392e+00   4.268392e+00
1     2.669951e+01   1.000000e+00   7.793647e-12   0.000000e+00   0.000000e+00   0.000000e+00   4.895179e+00   1.000000e+00   4.895179e+00   4.895179e+00
1     2.679991e+01   1.000000e+00   6.103933e-12   0.000000e+00   0.000000e+00   0.000000e+00   5.526009e+00   1.000000e+00   5.526009e+00   5.526009e+00
1     2.689967e+01   1.000000e+00   3.848361e-12   0.000000e+00   0.000000e+00   0.000000e+00   6.152795e+00   1.000000e+00   6.152795e+00   6.152795e+00
1     2.699943e+01   1.000000e+00   1.272930e-12   0.000000e+00   0.000000e+00   0.000000e+00   4.963957e-01   1.000000e+00   4.963957e-01   4.963957e-01
1     2.709983e+01   1.000000e+00   1.661650e-12   0.000000e+00   0.000000e+00   0.000000e+00   1.127226e+00   1.000000e+00   1.127226e+00   1.127226e+00
1     2.719958e+01   1.000000e+00   4.231920e-12   0.000000e+00   0.000000e+00   0.000000e+00   1.754012e+00   1.000000e+00   1.754012e+00   1.754012e+00
1     2.729998e+01   1.000000e+00   6.449580e-12   0.000000e+00   0.000000e+00   0.000000e+00   2.384842e+00   1.000000e+00   2.384842e+00   2.384842e+00
1     2.739974e+01   1.000000e+00   8.054809e-12   0.000000e+00   0.000000e+00   0.000000e+00   3.011628e+00   1.000000e+00   3.011628e+00   3.011628e+00
1     2.749949e+01   1.000000e+00   8.917273e-12   0.000000e+00   0.000000e+00   0.000000e+00   3.638414e+00   1.000000e+00   3.638414e+00   3.638414e+00
1     2.759989e+01   1.000000e+00   8.934799e-12   0.000000e+00   0.000000e+00   0.000000e+00   4.269244e+00   1.000000e+00   4.269244e+00   4.269244e+00
1     2.769965e+01   1.000000e+00   8.094854e-12   0.000000e+00   0.000000e+00   0.000000e+00   4.896030e+00   1.000000e+00   4.896030e+00   4.896030e+00
1     2.779941e+01   1.000000e+00   6.465377e-12   0.000000e+00   0.000000e+00   0.000000e+00   5.522817e+00   1.000000e+00   5.522817e+00   5.522817e+00
1     2.789981e+01   1.000000e+00   4.192995e-12   0.000000e+00   0.000000e+00   0.000000e+00   6.153647e+00   1.000000e+00   6.153647e+00   6.153647e+00
1     2.799956e+01   1.000000e+00   1.618481e-12   0.000000e+00   0.000000e+00   0.000000e+00   4.972475e-01   1.000000e+00   4.972475e-01   4.972475e-01
1     2.809996e+01   1.000000e+00   1.668661e-12   0.000000e+00   0.000000e+00   0.000000e+00   1.128077e+00   1.000000e+00   1.128077e+00   1.128077e+00
1     2.819972e+01   1.000000e+00   4.276382e-12   0.000000e+00   0.000000e+00   0.000000e+00   1.754864e+00   1.000000e+00   1.754864e+00   1.754864e+00
1     2.829947e+01   1.000000e+00   6.595025e-12   0.000000e+00   0.000000e+00   0.000000e+00   2.381650e+00   1.000000e+00   2.381650e+00   2.381650e+00
