# Number of bins: 20
#
# Size [cm]:     2.000000e-01  2.548550e-01  3.247553e-01  4.138276e-01  5.273302e-01  6.719637e-01  8.562665e-01  1.091119e+00  1.390386e+00  1.771734e+00  2.257676e+00  2.876900e+00  3.665961e+00  4.671443e+00  5.952703e+00  7.585380e+00  9.665860e+00  1.231696e+01  1.569520e+01  2.000000e+01   2.000000e-01   2.548550e-01   3.247553e-01   4.138276e-01   5.273302e-01   6.719637e-01   8.562665e-01   1.091119e+00   1.390386e+00   1.771734e+00   2.257676e+00   2.876900e+00   3.665961e+00   4.671443e+00   5.952703e+00   7.585380e+00   9.665860e+00   1.231696e+01   1.569520e+01   2.000000e+01
#
# Time           Normalized dust force                                                                                                                                                                                                                                                                   Number of particles counted
#
0.000000e+00    -8.132773e-01  6.653749e-01 -7.808310e-02  2.526397e-01  5.728431e-01 -4.940551e-01  6.591032e-01 -4.812121e-03  3.131388e-02  6.315319e-01 -8.503874e-01  2.098053e-01 -5.025512e-01  1.143453e+00 -3.401496e-01  5.359188e-01  7.129200e-01 -4.289288e-01  9.283993e-01 -9.072449e-02          23596          23549          23585          23586          23607          23629          23657          23552          23555          23582          23580          23635          23614          23684          23599          23556          23625          23572          23636          23603
9.906603e-02    -3.119279e+00  1.612380e+00  2.742551e+00 -1.254823e+00  3.812227e+00  3.121197e+00 -2.950606e-02  1.201413e+00  4.573345e-01  2.875385e+00 -7.859881e-01  6.585771e-01 -1.800051e+00  3.856700e+00  1.009739e+00  1.528546e+00  8.586903e-01 -4.579346e-01  8.214335e-01  1.226353e+00          23560          23511          23553          23549          23569          23596          23632          23520          23528          23556          23532          23606          23591          23660          23581          23530          23599          23553          23621          23583
1.984174e-01    -8.433806e-01  4.290492e-01  1.075992e+00 -1.223663e+00  3.284505e+00  2.674319e-01  8.531327e-01  4.462374e-01  1.168520e+00 -5.665372e-01 -1.812421e-01  1.135996e+00 -7.724337e-01  1.465285e+00  1.026798e+00  4.065294e-01  1.676968e+00  4.298125e-02  2.690149e+00  4.271848e-01          23500          23448          23478          23479          23510          23537          23557          23436          23465          23484          23468          23544          23531          23611          23517          23485          23558          23527          23592          23558
2.996621e-01    -4.358596e-01  5.550105e-01  8.016641e-01 -1.349997e+00  2.786099e+00 -1.392596e+00  1.883370e+00  4.963484e-01  1.159334e+00 -1.461635e+00 -2.253187e-01  1.934669e+00 -2.945622e-02  4.263325e-02  1.026714e+00  3.970830e-01  2.541771e+00 -2.762006e-01  2.607584e+00  6.802410e-02          23426          23374          23401          23411          23443          23472          23492          23379          23398          23405          23392          23488          23460          23548          23446          23421          23505          23471          23544          23513
3.989928e-01    -1.090201e-01  5.604185e-01  3.089268e-01 -8.501106e-01  1.934844e+00 -1.905944e+00  1.567055e+00  9.280761e-01  4.871761e-01 -1.608006e+00 -8.165078e-01  1.783983e+00  4.282842e-02 -2.611359e-01  8.258527e-01  7.501716e-01  2.349373e+00 -9.322545e-01  1.859332e+00  8.423833e-01          23391          23317          23364          23376          23390          23424          23440          23333          23357          23355          23355          23446          23411          23507          23418          23379          23462          23432          23490          23452
4.983219e-01     3.897673e-01  6.168249e-01  3.966804e-01 -5.503890e-01  1.152675e+00 -1.603916e+00  5.321791e-01  1.183426e+00  4.450735e-01 -1.419746e+00 -1.179250e+00  1.096977e+00  1.484648e-01 -5.332743e-01  4.899016e-01  1.259223e+00  2.449738e+00 -9.728239e-01  9.415999e-01  1.649555e+00          23374          23308          23354          23355          23374          23413          23434          23321          23347          23341          23345          23439          23404          23498          23403          23385          23451          23420          23465          23410
5.995568e-01     9.751092e-02  4.901292e-01  4.918767e-01 -4.148554e-01  8.142062e-01 -8.325752e-01 -4.943705e-01  1.102834e+00  6.145713e-01 -1.039140e+00 -1.175343e+00  5.727748e-01  3.515515e-01 -3.309771e-01  7.057115e-01  1.849859e+00  2.288971e+00 -2.694059e-01  6.019101e-01  2.762248e+00          23396          23327          23374          23389          23402          23433          23459          23352          23358          23365          23383          23455          23422          23525          23422          23398          23471          23414          23480          23409
6.988724e-01    -4.218712e-01  3.632227e-01  2.590002e-01 -5.483079e-01  7.272708e-01  8.659004e-03 -6.243225e-01  1.054600e+00  8.651592e-01 -5.501152e-01 -1.247212e+00  7.062700e-01  3.999530e-01  1.476614e-01  5.244815e-01  1.786236e+00  2.107199e+00  2.388827e-01  9.262463e-01  2.323941e+00          23432          23373          23418          23437          23441          23468          23505          23386          23409          23408          23409          23502          23468          23568          23478          23446          23513          23436          23494          23383
7.981756e-01    -7.437158e-01  4.654978e-01 -1.570117e-01 -7.942538e-01  3.505279e-01  3.519118e-01 -4.968515e-01  6.431995e-01  9.005393e-01 -6.268253e-01 -9.808475e-01  1.339913e+00  3.562100e-01  6.971734e-01  6.878137e-01  1.846440e+00  1.889070e+00  5.510285e-01  1.082543e+00  2.055283e+00          23486          23413          23466          23488          23500          23520          23545          23431          23461          23476          23466          23555          23539          23626          23539          23504          23560          23482          23503          23424
8.993749e-01    -7.021319e-01  8.928628e-01 -7.045504e-02 -9.415793e-01 -1.005109e-01  1.806373e-01 -2.325746e-01  5.067813e-01  7.436472e-01 -4.179700e-01 -4.333288e-01  1.958154e+00  5.500640e-01  7.714299e-01  2.553285e-01  2.062496e+00  1.852409e+00  4.337125e-01  1.134644e+00  2.310898e+00          23534          23467          23517          23527          23555          23575          23603          23488          23515          23545          23525          23605          23581          23663          23603          23570          23614          23535          23523          23454
9.986602e-01    -5.071691e-01  1.183661e+00  2.214122e-01 -8.500163e-01  4.157724e-03  2.782089e-01 -1.974215e-01  7.681871e-01  6.521765e-01  1.137528e-01 -1.701343e-01  1.625724e+00  3.659879e-01  2.658943e-01  3.300321e-02  1.001109e+00  1.606647e+00  7.801780e-01  1.472109e+00  2.472830e+00          23537          23473          23524          23533          23560          23580          23608          23493          23519          23543          23532          23599          23591          23661          23603          23570          23616          23531          23499          23441
1.099844e+00    -5.766297e-01  1.281893e+00  4.513327e-02 -5.606056e-01  2.720004e-01  1.394918e-01 -7.145140e-02  1.015219e+00  3.839127e-01  4.726884e-01 -3.933740e-01  9.256262e-01  1.835015e-01 -4.812933e-02 -4.982610e-02  7.674873e-01  1.834917e+00  1.158552e+00  1.351380e+00  2.507257e+00          23485          23405          23449          23483          23498          23518          23552          23434          23463          23476          23454          23544          23540          23607          23549          23509          23564          23460          23441          23379
1.199106e+00    -4.950257e-01  1.017988e+00  6.373452e-02 -3.021657e-01  4.355056e-01 -2.465817e-01  1.441145e-01  1.089047e+00  1.604210e-01  5.464890e-01 -8.218151e-01  3.723787e-01  2.155670e-01 -3.485064e-01  1.152213e-02  6.676849e-01  1.988438e+00  1.222119e+00  1.751736e+00  2.967738e+00          23387          23307          23366          23383          23404          23424          23456          23349          23377          23381          23367          23454          23440          23524          23440          23413          23475          23369          23349          23290
1.298368e+00    -3.424923e-01  1.093045e+00  8.982674e-02  8.815098e-02  5.733386e-01 -6.119684e-01  1.156912e-01  7.291287e-01 -2.124706e-01  1.090587e-01 -1.078330e+00  3.574456e-02 -1.675194e-01 -4.423661e-01 -1.788722e-01  7.454061e-01  1.997629e+00  1.046227e+00  2.135950e+00  4.107101e+00          23310          23241          23297          23309          23335          23344          23356          23280          23298          23292          23295          23374          23365          23461          23364          23333          23392          23299          23284          23198
1.399546e+00    -5.431706e-01  1.181033e+00 -1.198717e-02  3.464129e-03  4.825355e-01 -2.852723e-01 -2.960300e-02  3.436224e-01 -1.643520e-01 -8.467505e-02 -1.036768e+00 -6.321184e-01 -2.580943e-02 -1.553092e-01 -7.273891e-01  3.820880e-01  1.793628e+00  9.590477e-01  2.193880e+00  3.627057e+00          23303          23235          23285          23298          23321          23334          23346          23270          23287          23276          23290          23378          23362          23447          23350          23331          23375          23270          23240          23143
1.498823e+00    -4.794535e-01  6.082803e-01  1.018184e-01 -4.818223e-01  3.751869e-01  3.689568e-01 -2.626521e-02  1.640576e-01 -3.671950e-01 -3.173638e-01 -7.575404e-01 -1.148841e+00  4.481442e-02  1.872372e-01 -1.154907e+00  3.056103e-01  1.620872e+00  9.789346e-01  2.095597e+00  2.671884e+00          23365          23276          23335          23367          23373          23380          23414          23325          23347          23336          23343          23431          23410          23488          23402          23379          23425          23309          23255          23141
1.598106e+00    -2.339620e-01 -6.108879e-03  3.394556e-01 -4.257613e-01  2.922460e-01  9.215271e-01  2.989329e-01  3.760077e-01 -2.470554e-01 -2.738306e-01 -4.615919e-01 -8.882205e-01  1.921629e-01  1.926566e-01 -1.133769e+00  5.743284e-02  1.418173e+00  8.981865e-01  1.968648e+00  1.392742e+00          23437          23360          23402          23444          23457          23466          23496          23384          23409          23436          23423          23499          23486          23567          23489          23467          23499          23393          23324          23149
1.699297e+00     1.566552e-01 -1.536415e-01  4.820172e-01 -3.093050e-01 -3.991612e-02  9.079403e-01  5.791235e-01  8.064205e-01 -3.971054e-02 -3.568184e-01 -2.447260e-01 -7.031186e-01  6.619191e-01 -7.876894e-02 -6.063291e-01  2.717855e-01  1.429683e+00  8.549018e-01  1.870829e+00  5.128724e-01          23481          23422          23464          23480          23509          23533          23557          23438          23474          23502          23483          23556          23550          23632          23562          23531          23550          23446          23362          23192
1.798577e+00     7.763519e-01 -9.901663e-03  2.154985e-01 -7.574391e-01 -5.033560e-01  1.039232e+00  3.833468e-01  8.510568e-01 -2.401246e-01 -5.612411e-01 -3.891766e-01 -9.167511e-01  1.113278e+00 -4.617032e-01 -2.796999e-01  8.892964e-02  1.152456e+00  2.362998e-01  2.060589e+00  1.209169e+00          23485          23431          23486          23497          23516          23543          23561          23447          23480          23510          23482          23566          23566          23634          23576          23550          23561          23464          23357          23168
1.899759e+00     1.034022e+00  3.197124e-01 -1.600893e-01 -9.444177e-01 -8.633510e-01  1.167179e+00  4.660897e-01  1.079731e+00 -3.248555e-01 -2.592773e-01 -4.672680e-01 -1.092374e+00  1.178710e+00 -5.806534e-01 -1.475536e-01  9.064786e-02  1.958756e+00  6.324758e-01  2.647966e+00  1.954062e+00          23458          23400          23445          23460          23491          23513          23539          23431          23453          23479          23451          23545          23530          23605          23547          23530          23530          23423          23309          23119
1.999028e+00     8.027315e-01  3.998156e-01 -1.711998e-01 -3.910066e-01 -7.510910e-01  1.100502e+00  6.065513e-01  9.722640e-01 -3.596672e-01  1.593720e-01 -2.519092e-01 -1.437850e+00  7.651513e-01 -7.918425e-01 -6.809533e-02  4.848335e-02  2.595684e+00  1.056750e+00  3.026243e+00  2.123613e+00          23409          23345          23386          23398          23442          23461          23482          23381          23392          23418          23409          23496          23479          23552          23505          23472          23470          23348          23233          23057
2.098303e+00     7.363266e-01  5.051526e-01 -1.333163e-01  2.869162e-01 -3.894809e-01  8.648000e-01  4.858704e-01  5.447130e-01  7.098815e-02  4.193596e-01  1.599935e-01 -1.119542e+00  1.185091e-01 -6.507046e-01 -7.334070e-02  1.076112e-01  2.433964e+00  1.156003e+00  3.265113e+00  2.896309e+00          23344          23282          23330          23346          23363          23386          23417          23329          23342          23349          23348          23438          23415          23503          23433          23406          23388          23286          23169          22970
2.199478e+00     7.308210e-01  7.209054e-01 -1.206341e-01  8.416754e-01 -4.868018e-01  7.046881e-01  4.368788e-01  4.402982e-01  3.448627e-01  3.983609e-01  2.395585e-01 -4.840926e-01 -4.069129e-01 -3.527646e-01 -2.619129e-01  3.584640e-02  2.157062e+00  1.367396e+00  3.355958e+00  3.644391e+00          23304          23243          23298          23302          23324          23338          23370          23283          23299          23323          23315          23416          23376          23458          23396          23370          23353          23241          23133          22898
2.298738e+00     6.817188e-01  6.391092e-01 -1.657283e-01  7.870903e-01 -5.944250e-01  6.285792e-01  1.041993e-01  6.539363e-01  4.138679e-01  1.175011e-01  4.931100e-02 -9.628007e-02 -9.009612e-01 -2.474946e-02 -4.297126e-01 -5.341316e-01  2.240727e+00  1.068151e+00  3.550686e+00  3.564049e+00          23295          23233          23301          23302          23327          23339          23377          23286          23297          23327          23317          23415          23375          23445          23397          23374          23356          23236          23141          22882
2.399912e+00     5.078932e-01  2.469477e-01  1.001119e-01  4.704419e-01 -6.917288e-01  6.153382e-01 -3.609085e-01  8.591795e-01  5.324128e-01  8.933019e-02 -6.065312e-02  2.185087e-01 -9.645015e-01 -2.551575e-01 -4.208833e-01 -1.444168e-01  1.675247e+00  1.017686e+00  3.755250e+00  3.464414e+00          23334          23273          23334          23339          23366          23374          23415          23316          23336          23366          23352          23450          23420          23488          23451          23404          23401          23254          23161          22898
2.499189e+00     2.464232e-01  2.079525e-01  2.628640e-01  3.681766e-01 -7.185708e-01  3.393309e-01 -5.074086e-01  1.009617e+00  4.726720e-01  3.698347e-01 -2.689325e-01  3.972936e-01 -6.579483e-01 -4.307074e-01 -2.870751e-01  7.396133e-02  1.145900e+00  4.851468e-01  3.276447e+00  2.956650e+00          23389          23319          23386          23391          23417          23443          23466          23357          23391          23431          23409          23494          23486          23524          23497          23471          23431          23301          23164          22921
2.598473e+00    -4.372318e-02  4.290280e-01  2.231620e-01  6.827815e-01 -6.847717e-01  9.610183e-03 -4.720856e-01  9.628110e-01  2.165081e-01  4.177509e-01 -6.065178e-01  2.132013e-01 -6.723765e-01 -5.055641e-01 -5.410585e-01 -2.890484e-02  1.129051e+00  7.472504e-01  3.015708e+00  2.594743e+00          23421          23383          23447          23421          23462          23481          23505          23417          23429          23480          23455          23530          23538          23571          23543          23509          23437          23333          23153          22917
2.699664e+00    -8.648808e-02  8.152231e-01 -1.535853e-03  1.046678e+00 -8.738160e-01 -2.443619e-02 -1.193046e-01  5.262124e-01 -3.870798e-02  3.402441e-01 -6.359935e-01 -7.006309e-03 -4.658140e-01 -2.450902e-01 -2.566431e-01  1.857285e-01  2.045334e+00  6.850037e-01  2.740761e+00  2.594343e+00          23425          23412          23459          23432          23472          23498          23521          23421          23446          23504          23476          23529          23554          23591          23537          23517          23431          23310          23126          22904
2.798937e+00     1.926087e-02  9.533192e-01 -3.643478e-01  8.753287e-01 -7.373914e-01 -2.262019e-01  1.883706e-01 -1.188578e-01 -3.338498e-01  2.876316e-01  2.339053e-02 -5.218469e-01 -3.304349e-01 -2.181856e-01 -3.814972e-01  7.037343e-01  2.177481e+00  9.839633e-01  2.590394e+00  2.620506e+00          23410          23384          23435          23412          23445          23471          23496          23389          23427          23480          23450          23510          23520          23574          23508          23475          23400          23271          23121          22842
2.898203e+00    -2.210431e-02  1.072476e+00 -9.165488e-01  3.573064e-01 -3.460514e-01 -6.074330e-01  1.425537e-01 -3.548645e-01 -5.538109e-01  1.635908e-01  2.415142e-01 -9.707137e-01 -2.475672e-01 -7.347019e-02 -9.712841e-01  8.693822e-01  1.692736e+00  1.410969e+00  2.660052e+00  3.331764e+00          23368          23324          23378          23347          23388          23424          23459          23346          23372          23427          23393          23469          23473          23518          23464          23428          23350          23234          23077          22805
2.999370e+00    -2.274287e-01  8.120934e-01 -1.013078e+00 -2.347332e-03 -1.709513e-01 -5.468832e-01 -8.598941e-02 -3.810137e-02 -7.927098e-01 -2.210609e-01 -9.250533e-02 -9.230953e-01 -2.217504e-01 -2.875552e-01 -1.294894e+00  1.057200e+00  1.161981e+00  2.041171e+00  3.354389e+00  3.419107e+00          23333          23271          23326          23306          23347          23378          23410          23312          23323          23390          23350          23427          23424          23478          23410          23396          23318          23183          23018          22744
3.098633e+00    -3.253176e-01  5.337297e-01 -6.956736e-01 -2.123650e-02 -4.201695e-01 -5.106391e-01  6.993647e-02  1.761328e-01 -9.449636e-01 -1.313247e-01 -2.636735e-01 -8.214870e-01 -8.623847e-02 -5.176156e-01 -1.165881e+00  1.027817e+00  6.690207e-01  2.754798e+00  3.560939e+00  3.310513e+00          23299          23235          23307          23279          23316          23349          23381          23284          23300          23363          23324          23410          23407          23452          23395          23362          23299          23158          22991          22677
3.199811e+00    -1.166740e-01  5.437211e-01 -2.943894e-01 -2.160213e-01 -8.534581e-01 -6.868879e-01 -2.471869e-01  2.819786e-01 -1.111407e+00 -8.047072e-03  2.693830e-01 -6.643813e-01 -2.894860e-01 -4.441872e-01 -1.191944e+00  7.191663e-01  5.275046e-01  3.315824e+00  4.050083e+00  4.141377e+00          23294          23234          23301          23276          23313          23343          23375          23282          23290          23352          23326          23412          23402          23451          23397          23345          23275          23141          22959          22640
3.299083e+00     1.362612e-01  8.097470e-01 -3.380172e-01 -4.960675e-01 -7.797311e-01 -7.049860e-01 -9.768254e-01  2.475956e-01 -1.214153e+00 -3.395177e-01  9.314815e-01 -8.838694e-01 -8.656133e-01 -5.054482e-01 -1.202151e+00  4.413232e-01  5.984446e-01  4.225714e+00  4.049587e+00  4.032490e+00          23324          23268          23320          23292          23334          23358          23405          23304          23315          23377          23354          23409          23432          23473          23408          23367          23274          23147          22948          22612
3.398358e+00     3.263473e-01  1.066854e+00 -6.942244e-01 -6.994192e-01 -4.825958e-01 -8.661943e-01 -1.237843e+00  1.141460e-01 -1.069149e+00 -5.779310e-01  8.472901e-01 -9.436846e-01 -1.044921e+00 -8.794759e-01 -9.100863e-01  3.810877e-01  1.238175e+00  3.829425e+00  3.213551e+00  3.572269e+00          23340          23307          23365          23325          23367          23407          23433          23328          23346          23423          23388          23450          23464          23511          23432          23389          23306          23168          22936          22573
3.499543e+00     1.031572e-01  1.408358e+00 -4.567168e-01 -6.801130e-01 -5.826527e-01 -9.455568e-01 -1.277026e+00  3.107058e-01 -4.756363e-01 -2.204036e-01  4.347779e-01 -6.613553e-01 -1.054147e+00 -5.716581e-01 -5.018895e-01  2.639920e-01  1.621454e+00  3.543961e+00  2.760908e+00  3.093605e+00          23385          23339          23410          23375          23408          23447          23474          23372          23393          23465          23424          23493          23501          23535          23457          23418          23347          23221          22933          22587
3.598818e+00     2.595916e-01  1.665579e+00  9.462925e-02 -4.798249e-01 -4.936138e-01 -8.042130e-01 -1.016977e+00  4.713679e-01 -1.013517e-01 -1.687494e-02  7.302384e-01 -5.830202e-01 -8.865736e-01 -7.306537e-01 -5.316884e-01  4.481110e-01  1.624051e+00  2.785125e+00  1.718034e+00  3.083053e+00          23402          23372          23444          23396          23446          23484          23498          23405          23432          23488          23460          23515          23515          23574          23477          23446          23365          23218          22955          22578
3.699999e+00     7.468875e-01  1.680039e+00  2.684989e-01 -3.300104e-01 -4.336903e-01 -8.991748e-01 -5.936866e-01 -1.095838e-01 -6.699082e-01 -3.102040e-01  5.129798e-01 -3.516603e-01 -1.165303e+00 -8.223257e-01 -7.652042e-01  9.212099e-01  1.696271e+00  2.129403e+00  2.092839e+00  3.353970e+00          23400          23372          23436          23404          23441          23475          23492          23398          23428          23486          23456          23511          23526          23571          23471          23458          23357          23201          22933          22540
3.799265e+00     8.967782e-01  1.633085e+00  2.274899e-01  5.160166e-03 -7.280637e-01 -1.011456e+00 -6.196665e-02 -1.631235e-01 -1.169752e+00 -7.338473e-01  8.784112e-02 -1.181988e-01 -1.332988e+00 -1.102401e+00 -8.419630e-01  7.620547e-01  1.673631e+00  1.338791e+00  2.369074e+00  3.291062e+00          23363          23324          23393          23349          23393          23434          23463          23355          23389          23453          23416          23481          23484          23533          23432          23403          23329          23176          22890          22494
3.898527e+00     6.167681e-01  1.521761e+00  3.509161e-01  1.909696e-01 -1.437371e+00 -9.678863e-01  6.452800e-01 -2.018340e-01 -9.752966e-01 -1.196805e+00 -2.420684e-01 -1.402934e-02 -1.334968e+00 -1.161471e+00 -5.733527e-01  7.899246e-01  1.684742e+00  1.485504e+00  3.328261e+00  3.630595e+00          23303          23262          23331          23281          23330          23384          23403          23298          23312          23397          23354          23429          23431          23489          23380          23335          23280          23129          22827          22426
3.999697e+00     4.564339e-01  1.269454e+00  1.773304e-01  1.888606e-01 -1.748132e+00 -5.023399e-01  5.923008e-01 -4.513849e-01 -5.349669e-01 -1.434980e+00 -5.809145e-01  2.853329e-01 -1.052389e+00 -1.227320e+00 -5.247657e-01  2.814238e-01  1.384397e+00  1.743379e+00  4.119633e+00  3.980359e+00          23252          23219          23286          23229          23291          23332          23362          23259          23263          23343          23315          23380          23388          23441          23345          23295          23234          23086          22789          22366
4.098962e+00     3.631773e-01  5.332716e-01  2.130159e-01  2.903893e-02 -1.320994e+00 -3.667858e-01  1.885678e-01 -3.813095e-01 -3.001587e-01 -1.158772e+00 -7.076124e-01  5.639658e-01 -8.822210e-01 -9.376971e-01 -6.433372e-01 -4.760794e-01  1.218381e+00  2.052501e+00  2.953680e+00  3.655858e+00          23244          23208          23282          23227          23287          23325          23352          23259          23265          23327          23305          23379          23388          23436          23336          23286          23215          23069          22742          22321
4.198234e+00     3.434920e-01 -4.445624e-01 -1.009768e-01 -2.505176e-01 -7.367877e-01 -3.840808e-01  2.541842e-01 -3.500614e-01 -6.630550e-01 -6.718140e-01 -4.438367e-01  6.259957e-01 -6.189275e-01 -7.794189e-01 -6.753862e-01 -9.193473e-01  1.303342e+00  2.118090e+00  2.598334e+00  2.972975e+00          23273          23250          23322          23263          23315          23358          23392          23281          23295          23362          23350          23408          23421          23464          23365          23315          23247          23093          22757          22302
4.299420e+00     3.406975e-01 -4.909891e-01 -1.638805e-01 -4.707100e-01 -1.930444e-01 -5.098455e-01  2.636681e-01 -4.493297e-01 -7.228854e-01 -6.968262e-01  9.327537e-02  5.115328e-01 -3.153791e-01 -2.520259e-01 -7.589933e-01 -1.112452e+00  1.227489e+00  2.184270e+00  2.639582e+00  3.073645e+00          23334          23299          23372          23321          23372          23406          23435          23322          23354          23419          23406          23458          23460          23511          23407          23370          23296          23112          22790          22315
4.398693e+00     7.246823e-03 -4.169763e-02 -1.709231e-02 -6.175645e-01  2.720435e-01 -8.959864e-01 -1.453805e-01 -5.838628e-01 -5.945606e-01 -1.005732e+00 -1.974935e-01  2.318453e-01  1.468886e-01  9.949887e-02 -5.249014e-01 -1.208832e+00  9.199438e-01  2.154414e+00  2.519200e+00  2.772065e+00          23378          23356          23414          23365          23413          23448          23476          23367          23397          23457          23445          23508          23507          23557          23456          23410          23309          23147          22827          22328
4.499871e+00     1.124912e-01  7.882377e-02  4.195367e-01 -6.513582e-01  4.739424e-01 -1.043114e+00 -3.643925e-01 -6.409472e-01 -3.288829e-01 -1.119331e+00 -9.186000e-01 -5.253469e-02  8.321584e-01  2.084073e-01 -5.260976e-01 -9.277264e-01  4.973436e-01  1.758334e+00  2.868915e+00  2.876874e+00          23392          23370          23425          23389          23428          23460          23487          23379          23422          23467          23458          23520          23511          23573          23475          23420          23315          23167          22836          22343
4.599140e+00     4.453697e-01  1.606167e-01  5.711239e-01 -7.260591e-01  2.626043e-01 -1.058691e+00 -1.512835e-01 -8.933123e-01 -5.922419e-02 -1.022867e+00 -1.111502e+00 -8.742716e-02  1.193794e+00 -1.915516e-01 -2.476224e-01 -3.578414e-01  9.360855e-01  1.743534e+00  3.299965e+00  3.671748e+00          23369          23345          23403          23367          23407          23440          23467          23349          23404          23452          23439          23510          23493          23555          23459          23400          23295          23150          22802          22305
4.698408e+00     1.093172e+00  2.602700e-01  2.819927e-01 -5.503522e-01 -2.879999e-01 -8.928656e-01 -1.265274e-01 -1.167217e+00 -5.696883e-03 -9.007010e-01 -9.091852e-01  8.047958e-02  1.375849e+00 -7.554731e-01 -7.759124e-02 -9.966419e-02  9.755110e-01  1.244530e+00  3.360602e+00  4.811613e+00          23335          23300          23356          23317          23369          23405          23439          23310          23360          23402          23390          23468          23455          23520          23408          23350          23251          23098          22752          22243
4.799583e+00     1.317250e+00  3.392047e-01  3.954569e-01 -1.357000e-01 -7.684283e-01 -7.017014e-01 -2.244386e-01 -1.489710e+00 -2.577805e-01 -7.433486e-01 -1.050939e+00 -2.028553e-01  1.340861e+00 -1.010118e+00 -4.722222e-01 -1.299469e-01  8.239481e-01  1.249709e+00  3.343960e+00  5.932676e+00          23289          23242          23309          23254          23321          23357          23400          23267          23313          23360          23346          23409          23418          23473          23356          23302          23203          23045          22697          22160
4.898846e+00     8.732064e-01  5.483776e-01  2.765521e-01 -1.972857e-01 -8.830320e-01 -8.292020e-01 -4.797857e-01 -1.659191e+00 -6.372064e-01 -3.657098e-01 -1.024530e+00 -1.491513e-01  1.179167e+00 -1.072968e+00 -1.204339e+00  3.296410e-01  6.504468e-01  1.779044e+00  3.361432e+00  6.155916e+00          23261          23211          23276          23227          23290          23320          23362          23243          23279          23341          23314          23384          23384          23445          23336          23279          23187          23023          22639          22107
4.998109e+00     4.328380e-01  8.237862e-01 -7.374369e-02 -3.811544e-01 -7.294920e-01 -6.969208e-01 -9.895262e-01 -1.663874e+00 -6.961399e-01 -1.538910e-01 -6.838131e-01 -7.481528e-02  7.474930e-01 -9.490091e-01 -1.327322e+00  6.034884e-01  4.308851e-01  2.090218e+00  3.715592e+00  5.813363e+00          23266          23214          23269          23230          23291          23325          23358          23243          23277          23336          23313          23387          23391          23444          23341          23286          23174          23027          22641          22082
5.099283e+00     9.232402e-02  1.178313e+00 -4.576905e-01 -1.025474e-01 -6.578728e-01 -4.881393e-01 -1.539069e+00 -1.505963e+00 -3.405752e-01 -4.118592e-01 -5.391420e-01 -2.320287e-01  6.523025e-01 -1.021801e+00 -1.026910e+00  7.940727e-01  7.931861e-01  2.044617e+00  3.202398e+00  4.424288e+00          23291          23243          23297          23262          23320          23355          23399          23267          23314          23371          23349          23421          23426          23481          23373          23331          23204          23045          22652          22054
5.198554e+00    -1.600146e-01  1.146551e+00 -7.201730e-01  3.696852e-01 -8.005952e-01 -5.169927e-01 -1.990575e+00 -1.227220e+00 -9.977544e-05 -8.267873e-01 -7.869752e-01 -4.788652e-01  4.676723e-01 -1.416816e+00 -6.669438e-01  1.135525e+00  1.099899e+00  2.821747e+00  2.348755e+00  2.524564e+00          23326          23274          23346          23306          23367          23405          23433          23306          23357          23413          23396          23473          23469          23516          23414          23380          23245          23092          22667          22034
5.299739e+00     2.146226e-01  1.139161e+00 -7.391716e-01  7.289936e-01 -6.455504e-01 -7.212174e-01 -2.170735e+00 -1.082259e+00  1.013138e-01 -1.310480e+00 -1.128295e+00 -2.518044e-01  2.861963e-01 -1.167461e+00 -3.079300e-02  1.282088e+00  1.539318e+00  2.989265e+00  2.366401e+00  1.678847e+00          23349          23308          23385          23339          23404          23435          23462          23340          23398          23457          23427          23507          23507          23540          23436          23397          23253          23080          22684          22061
5.399013e+00     9.919128e-01  9.187553e-01 -5.754966e-01  8.656410e-01 -3.420987e-01 -6.128759e-01 -1.807146e+00 -1.016417e+00 -1.919576e-02 -1.284136e+00 -1.273716e+00 -1.564581e-01 -8.345157e-02 -1.150179e+00  5.146621e-01  7.841279e-01  1.865447e+00  2.433551e+00  2.677525e+00  1.404124e+00          23353          23323          23391          23358          23413          23444          23469          23343          23410          23463          23436          23509          23512          23552          23443          23402          23261          23076          22681          22043
5.498283e+00     1.886188e+00  7.045026e-01 -4.696360e-01  6.428076e-01 -1.140003e-03 -2.527997e-01 -1.238927e+00 -8.037777e-01  1.146325e-02 -9.935538e-01 -1.235182e+00 -4.478537e-01 -3.814379e-01 -1.144909e+00  4.118655e-01  8.150828e-01  2.180329e+00  2.996806e+00  3.458436e+00  1.341958e+00          23339          23291          23364          23335          23390          23420          23453          23326          23385          23443          23416          23487          23495          23532          23422          23384          23232          23069          22638          22002
5.599456e+00     2.185067e+00  7.582112e-01 -5.633957e-01  4.457997e-01  1.580506e-01 -4.058695e-02 -1.225119e+00 -4.401864e-01 -9.455204e-02 -8.678956e-01 -1.427089e+00 -4.008750e-01 -4.617400e-01 -1.342935e+00 -1.932003e-01  9.499519e-01  2.207594e+00  2.149680e+00  4.453146e+00  2.309827e+00          23306          23256          23334          23303          23349          23382          23415          23296          23324          23400          23380          23461          23460          23502          23391          23351          23190          23034          22614          21957
5.698717e+00     1.512735e+00  8.039164e-01 -8.064647e-01  6.583406e-01  2.063887e-01 -1.382668e-01 -1.319246e+00 -5.770806e-01 -2.870085e-02 -1.166833e+00 -1.329165e+00 -1.358787e-01 -6.741101e-01 -1.585260e+00 -9.033088e-01  6.429640e-01  2.048280e+00  1.537040e+00  4.594849e+00  2.872110e+00          23285          23216          23289          23263          23307          23350          23392          23270          23290          23356          23351          23413          23429          23471          23358          23316          23152          23010          22578          21883
5.799888e+00     4.568097e-01  5.342869e-01 -7.254129e-01  7.980680e-01  5.785014e-01  1.477186e-01 -1.504701e+00 -9.364652e-01  2.832642e-02 -1.730172e+00 -1.072192e+00  2.784154e-01 -5.273287e-01 -1.923519e+00 -9.333771e-01 -2.074427e-01  1.792226e+00  1.417206e+00  4.622174e+00  2.953636e+00          23263          23199          23269          23243          23284          23312          23371          23252          23264          23337          23330          23402          23417          23447          23342          23291          23123          22990          22559          21844
5.899152e+00     9.075310e-02  1.639524e-01 -7.663858e-01  6.121268e-01  6.378882e-01  3.118584e-01 -1.502729e+00 -7.259182e-01  3.374556e-01 -1.712010e+00 -1.298220e+00  1.280412e-01 -4.063184e-01 -2.057456e+00 -2.352359e-01 -1.247388e+00  1.442824e+00  1.547279e+00  4.148216e+00  3.050832e+00          23256          23195          23270          23238          23277          23311          23373          23247          23268          23345          23335          23402          23419          23451          23344          23288          23129          22977          22555          21818
5.998421e+00    -3.247525e-01 -5.075241e-01 -5.988387e-01  6.112404e-01  6.769585e-01  8.346421e-02 -1.065372e+00 -3.210125e-01  5.274626e-01 -1.089127e+00 -1.320183e+00 -4.067835e-01 -2.835383e-01 -1.934734e+00  2.498793e-01 -1.434398e+00  1.570682e+00  1.764602e+00  3.555559e+00  1.869046e+00          23265          23213          23287          23260          23298          23326          23380          23260          23289          23375          23352          23425          23442          23465          23363          23300          23150          22983          22536          21808
6.099601e+00    -5.502212e-01 -1.163648e+00 -4.818720e-01  8.261295e-01  6.057980e-01 -1.715578e-02 -5.411576e-01 -1.687637e-01  6.115166e-01 -5.737656e-01 -9.508205e-01 -7.640414e-01 -2.996976e-01 -1.588328e+00  7.875779e-02 -9.361010e-01  1.440018e+00  2.522501e+00  2.599584e+00  2.647050e+00          23297          23241          23326          23293          23328          23373          23409          23280          23321          23405          23362          23459          23464          23489          23385          23334          23155          22991          22532          21833
6.198873e+00    -2.307027e-01 -1.282385e+00 -5.336392e-01  9.871348e-01  2.838828e-01  1.119352e-01 -2.342299e-01  2.316341e-01  7.238392e-01 -7.224275e-02 -3.785591e-01 -1.026790e+00 -3.987817e-01 -9.830698e-01 -3.209671e-01 -5.076345e-01  1.552449e+00  2.695208e+00  1.387575e+00  4.406941e+00          23326          23270          23353          23316          23363          23396          23429          23309          23355          23434          23404          23483          23496          23511          23421          23368          23170          23011          22534          21842
6.298145e+00     2.411341e-01 -9.506740e-01 -9.684521e-01  1.038878e+00  2.266565e-01  2.076591e-01 -2.147329e-01  5.570618e-01  5.881788e-01  1.415321e-01 -1.325419e-01 -1.140482e+00 -2.357717e-01 -8.202288e-01 -9.070621e-01  1.777649e-01  1.402356e+00  3.022931e+00  1.172719e+00  5.100074e+00          23334          23293          23375          23333          23376          23411          23446          23323          23377          23450          23424          23513          23505          23526          23427          23404          23176          23029          22517          21838
6.399323e+00     4.342212e-01 -6.214100e-01 -1.092606e+00  1.004378e+00  4.727151e-01 -8.968981e-02 -8.052258e-02  2.901744e-01  3.702855e-01  1.019405e-02 -5.734804e-01 -9.796304e-01 -4.519259e-01 -8.439466e-01 -8.080369e-01  4.646802e-01  9.597569e-01  2.866884e+00  1.647281e+00  5.025941e+00          23323          23283          23362          23317          23372          23404          23441          23325          23366          23445          23426          23509          23494          23511          23431          23387          23166          23020          22516          21837
6.498588e+00     5.674905e-01 -6.971882e-01 -9.932757e-01  1.084499e+00  6.423056e-01 -2.146013e-01 -2.163146e-01  3.398951e-02 -3.393474e-02 -2.211601e-01 -1.273911e+00 -6.274336e-01 -3.106433e-01 -6.863981e-01 -3.065035e-01  7.806295e-01  5.268939e-01  2.299699e+00  2.192435e+00  4.307935e+00          23292          23260          23326          23284          23342          23381          23413          23296          23343          23422          23398          23460          23467          23487          23397          23356          23143          22992          22483          21807
6.599757e+00     3.821481e-01 -7.252360e-01 -1.021874e+00  1.246708e+00  4.355984e-01  8.919851e-02 -2.889981e-01 -1.933833e-01 -4.588150e-01 -6.106887e-01 -1.660479e+00 -1.576152e-01 -4.491161e-01 -4.754660e-01  3.106361e-02  1.111132e+00  4.209726e-01  2.298310e+00  3.472793e+00  4.948633e+00          23254          23219          23283          23243          23304          23331          23379          23267          23297          23387          23370          23419          23433          23456          23354          23326          23100          22948          22442          21760
6.699018e+00    -4.274720e-02 -6.942928e-01 -9.453097e-01  1.431131e+00  5.334084e-01  1.183252e-01 -2.711662e-01 -5.021781e-01 -5.675855e-01 -9.614242e-01 -1.505667e+00 -9.324631e-02 -7.789717e-01 -3.886593e-01 -2.094440e-01  5.304637e-01  3.239595e-01  2.304190e+00  3.983668e+00  5.554840e+00          23219          23190          23259          23207          23280          23309          23347          23244          23265          23351          23333          23393          23411          23433          23325          23297          23071          22920          22396          21723
6.798283e+00    -1.209318e-01 -5.941340e-01 -1.156647e+00  1.338754e+00  5.483248e-01  5.002160e-02 -1.178344e-01 -8.446387e-01 -2.179749e-01 -1.126272e+00 -8.848146e-01 -1.913150e-01 -9.672800e-01 -5.179488e-01  3.816784e-02  9.532497e-02  3.926528e-01  3.261101e+00  4.521391e+00  5.795725e+00          23215          23182          23245          23214          23271          23311          23336          23238          23256          23354          23328          23398          23389          23429          23315          23284          23067          22901          22368          21705
6.899461e+00    -2.840181e-01 -3.057237e-01 -1.199554e+00  1.545483e+00  4.028287e-01 -1.113981e-01 -9.452740e-03 -1.075152e+00 -3.152019e-01 -1.130542e+00 -5.020384e-01 -8.366931e-02 -9.415042e-01 -5.337946e-01  3.459154e-01 -9.365105e-01  4.241099e-01  3.775667e+00  5.142817e+00  4.898929e+00          23239          23214          23269          23241          23300          23327          23372          23257          23284          23380          23353          23418          23419          23441          23337          23311          23089          22920          22358          21685
6.998732e+00    -7.958260e-01  1.635858e-01 -9.978562e-01  1.710019e+00  2.926881e-01 -2.161917e-01  1.188205e-01 -1.178897e+00 -7.237862e-01 -1.188493e+00 -2.447037e-01 -3.503049e-01 -9.938824e-01 -8.933087e-01  2.315266e-01 -1.795254e+00  4.337953e-01  4.102821e+00  4.639623e+00  3.264881e+00          23278          23248          23305          23279          23346          23370          23404          23286          23331          23416          23392          23447          23469          23480          23374          23338          23104          22929          22343          21685
7.099912e+00    -8.355368e-01  5.829312e-01 -6.461195e-01  1.598030e+00  7.852874e-02 -3.064430e-01  2.546384e-01 -1.285150e+00 -5.625453e-01 -1.198573e+00 -3.228833e-01 -8.873989e-01 -8.934298e-01 -1.393699e+00  5.727711e-01 -1.757482e+00  6.507282e-01  4.411580e+00  3.581024e+00  3.077570e+00          23293          23275          23342          23304          23377          23404          23430          23309          23357          23450          23419          23470          23502          23498          23406          23364          23128          22951          22376          21702
7.199180e+00    -1.555633e-01  7.228122e-01 -3.769265e-01  1.342643e+00  1.298422e-01 -3.642558e-01  3.787466e-01 -1.213595e+00 -6.350755e-01 -9.155867e-01 -8.964986e-01 -9.553556e-01 -6.373915e-01 -1.520917e+00  1.096136e+00 -1.584269e+00  4.746682e-01  3.614226e+00  3.143910e+00  2.509096e+00          23305          23290          23357          23312          23391          23411          23454          23316          23366          23472          23422          23492          23517          23507          23425          23368          23143          22962          22376          21686
7.298447e+00     4.373611e-01  3.700302e-01 -7.769047e-02  9.695548e-01  2.314754e-02 -2.005149e-01  4.040419e-01 -8.529426e-01 -8.022388e-01 -6.193884e-01 -1.008352e+00 -3.323556e-01 -5.498351e-01 -1.262145e+00  1.315197e+00 -1.530072e+00  3.369588e-01  3.042398e+00  2.378424e+00  2.751853e+00          23299          23275          23345          23295          23372          23394          23441          23304          23354          23453          23406          23485          23507          23499          23400          23354          23117          22948          22342          21689
7.399621e+00     5.653897e-01 -5.775350e-01 -2.945230e-01  7.732423e-01 -3.109887e-01 -2.275583e-01  3.043653e-01 -6.913998e-01 -6.655167e-01 -5.084969e-01 -6.031650e-01  2.366381e-01 -3.162192e-01 -8.547880e-01  1.394101e+00 -1.228634e+00  8.889995e-02  3.109200e+00  3.042686e+00  3.240451e+00          23273          23238          23317          23263          23338          23359          23408          23275          23325          23426          23373          23450          23477          23472          23356          23332          23085          22905          22291          21650
7.498885e+00     4.124651e-01 -9.881428e-01 -5.194229e-01  4.728943e-01 -3.556380e-01 -1.174974e-01  1.303425e-01 -4.468051e-01 -7.214668e-01 -5.660605e-01 -4.270268e-01  6.115360e-01  2.478459e-01 -7.285317e-01  1.243764e+00 -1.211729e+00  3.264833e-01  3.233680e+00  3.542195e+00  3.156072e+00          23235          23201          23291          23229          23300          23324          23379          23252          23292          23391          23334          23416          23439          23437          23327          23287          23055          22877          22241          21603
7.598148e+00     7.096008e-02 -8.379499e-01 -4.177764e-01  4.018989e-01 -2.518365e-01 -1.202147e-01  2.785296e-01 -1.065993e-01 -7.382651e-01 -2.350648e-01 -6.042760e-01  1.808176e-01  7.644795e-01 -7.769813e-01  1.050967e+00 -1.383577e+00  7.313887e-01  3.348856e+00  3.898402e+00  3.228479e+00          23209          23172          23258          23213          23278          23304          23356          23233          23269          23374          23304          23384          23412          23422          23306          23261          23022          22837          22211          21536
7.699320e+00    -4.227070e-01 -5.607101e-01 -5.238003e-01  5.918846e-01 -2.653623e-01 -2.031868e-01  7.637420e-01 -1.281903e-02 -7.158648e-01  2.701855e-01 -8.167923e-01 -1.367928e-01  7.696155e-01 -8.398409e-01  9.332693e-01 -1.166710e+00  1.163548e+00  3.108393e+00  4.278850e+00  2.984010e+00          23212          23170          23257          23222          23275          23302          23356          23238          23268          23369          23308          23397          23421          23420          23319          23264          23023          22846          22192          21514
7.798586e+00    -6.962823e-01 -3.698180e-01 -9.052385e-01  5.666437e-01 -1.531873e-01 -1.673009e-01  8.903114e-01 -9.221139e-03 -3.979285e-01  1.332441e-01 -7.702908e-01 -3.047690e-01  1.042742e+00 -9.363558e-01  1.896051e-01 -6.653717e-01  1.328418e+00  3.098374e+00  2.981174e+00  2.437266e+00          23249          23207          23272          23240          23297          23319          23380          23268          23294          23400          23332          23426          23447          23437          23335          23291          23031          22882          22184          21518
7.899764e+00    -4.875526e-01 -7.734744e-01 -1.263837e+00  3.931061e-01  3.804767e-02 -1.620695e-01  5.734742e-01 -2.251401e-01 -3.573444e-01 -5.637424e-01 -4.375139e-01 -9.361641e-02  1.025164e+00 -1.062977e+00  2.284541e-01 -1.008228e-01  1.005992e+00  2.566887e+00  2.240397e+00  1.917638e+00          23271          23247          23313          23269          23331          23352          23412          23278          23324          23426          23378          23460          23483          23458          23349          23338          23047          22920          22193          21496
7.999034e+00    -2.540157e-01 -1.049668e+00 -1.452067e+00  6.918854e-02  3.061929e-01  1.453801e-01  1.266556e-01 -5.040083e-01 -3.077920e-01 -1.221246e+00 -4.245749e-01 -5.627027e-02  3.203551e-01 -1.138150e+00  2.206545e-02  4.720022e-01  1.079057e+00  2.397394e+00  1.886197e+00  2.485952e+00          23289          23277          23340          23301          23362          23394          23435          23308          23351          23451          23395          23468          23498          23478          23369          23354          23059          22941          22200          21498
8.098305e+00    -2.758515e-01 -7.342911e-01 -1.425682e+00 -1.827025e-01  7.104918e-01  2.677280e-01 -4.451800e-01 -4.521192e-01 -2.518568e-02 -9.253687e-01 -6.808805e-01 -1.416744e-01 -1.635775e-02 -1.112261e+00 -5.581436e-01  5.140966e-01  7.495309e-01  2.046286e+00  1.586273e+00  2.413942e+00          23291          23276          23341          23304          23366          23386          23448          23314          23359          23453          23409          23468          23504          23479          23370          23366          23064          22934          22194          21484
8.199481e+00    -4.503797e-01 -2.628215e-01 -1.595358e+00 -6.956327e-01  8.708612e-01 -1.626932e-02 -1.011802e+00  4.683015e-02 -3.363767e-01 -3.984356e-01 -8.679010e-01 -3.830626e-01  3.470847e-01 -1.257525e+00 -6.532479e-01 -1.458108e-01  4.970403e-01  2.165276e+00  1.321016e+00  2.264337e+00          23284          23259          23324          23292          23355          23378          23424          23305          23338          23443          23395          23454          23488          23463          23369          23359          23036          22903          22163          21481
8.298745e+00    -4.577680e-01  5.537144e-02 -1.694092e+00 -8.893919e-01  1.134174e+00 -9.210178e-02 -8.124130e-01  4.167237e-01 -7.605408e-01 -6.913365e-02 -8.894428e-01 -6.244418e-01  6.289898e-01 -9.011624e-01 -8.894338e-01 -4.471576e-01  5.901441e-01  2.164649e+00  1.945622e+00  2.649535e+00          23252          23229          23285          23256          23325          23346          23398          23276          23309          23411          23371          23430          23460          23429          23340          23338          23012          22870          22140          21444
8.399916e+00    -4.124335e-01  1.604300e-01 -1.615396e+00 -3.427393e-01  1.181564e+00 -3.279397e-01 -3.512920e-01  2.996357e-01 -6.479336e-01  2.004979e-01 -8.893952e-01 -7.687299e-01  5.304248e-01 -7.213560e-01 -9.477582e-01 -7.528986e-01  7.615304e-01  2.298987e+00  2.829172e+00  2.667306e+00          23214          23198          23254          23230          23287          23313          23374          23258          23283          23385          23342          23407          23441          23409          23309          23310          22982          22845          22122          21420
8.499178e+00    -3.064079e-01  3.341368e-01 -1.386302e+00  2.876682e-01  9.675531e-01 -7.777572e-01 -3.777929e-01  8.545142e-02 -2.810873e-01  1.205615e-01 -6.655526e-01 -1.023553e+00  4.109774e-01 -8.191296e-01 -1.129916e+00 -8.353802e-01  1.234223e+00  3.205406e+00  3.092981e+00  2.455771e+00          23198          23172          23243          23210          23270          23295          23359          23242          23259          23366          23331          23387          23431          23402          23296          23297          22959          22820          22095          21400
8.598442e+00    -1.424872e-01  5.049860e-01 -1.101450e+00  4.959208e-01  7.572614e-01 -1.092958e+00 -4.863094e-01 -1.624328e-01  7.864286e-02 -2.392939e-01 -5.362153e-01 -1.339297e+00 -2.886621e-02 -8.923869e-01 -1.387638e+00 -1.352785e+00  1.245073e+00  3.237675e+00  2.751884e+00  2.128902e+00          23201          23186          23244          23213          23272          23295          23365          23248          23255          23370          23339          23382          23431          23405          23299          23297          22959          22806          22079          21385
8.699617e+00    -1.168342e-01  7.185355e-01 -1.081719e+00  5.925142e-01  1.026882e+00 -9.001496e-01 -3.587406e-01 -2.346735e-01  5.632993e-02 -3.474169e-01 -2.266292e-01 -1.608559e+00 -1.008956e-01 -6.565745e-01 -1.270595e+00 -1.186453e+00  1.191328e+00  3.246700e+00  2.230483e+00  1.548406e+00          23227          23201          23255          23232          23291          23307          23385          23254          23280          23385          23362          23395          23443          23410          23315          23311          22961          22819          22095          21372
8.798886e+00    -1.295951e-01  1.057458e+00 -1.337264e+00  5.711582e-01  9.297072e-01 -3.963184e-01 -1.293690e-01 -4.640426e-01  5.904014e-02 -1.759988e-01  1.897997e-02 -1.636576e+00 -4.020498e-01 -5.278313e-01 -1.084473e+00 -1.043308e+00  1.298010e+00  2.705299e+00  2.021783e+00  8.676437e-01          23247          23226          23289          23252          23307          23336          23395          23285          23306          23415          23391          23430          23462          23437          23340          23319          22975          22816          22121          21353
8.898156e+00    -1.650679e-02  8.921218e-01 -1.103629e+00  5.457470e-01  8.874456e-01 -8.347958e-02 -3.127781e-01 -6.236407e-01  1.071107e-02 -4.425427e-01 -4.075209e-02 -1.301009e+00 -8.945033e-01 -4.024857e-01 -8.810999e-01 -1.093204e+00  1.086539e+00  2.701897e+00  2.028403e+00  4.953807e-01          23266          23244          23309          23270          23333          23354          23422          23303          23333          23428          23409          23445          23489          23454          23349          23331          23004          22814          22128          21328
8.999335e+00    -7.628651e-02  5.006383e-01 -6.010282e-01  2.996323e-01  1.190003e+00  1.177518e-01 -8.748794e-01 -3.898458e-01  4.511305e-02 -6.581417e-01 -1.797473e-01 -6.022261e-01 -1.031400e+00 -3.301592e-01 -4.205924e-01 -9.767279e-01  7.566640e-01  2.615939e+00  2.414351e+00  4.438975e-01          23269          23261          23327          23291          23348          23363          23423          23313          23341          23432          23418          23455          23505          23453          23366          23334          23017          22827          22124          21316
9.098602e+00    -6.431811e-02  3.449937e-01 -4.454082e-01  7.836018e-03  1.107923e+00  5.951028e-01 -1.138829e+00 -2.823840e-01  3.416827e-02 -7.479409e-01 -2.697883e-01 -2.464881e-01 -9.541676e-01 -4.364824e-01 -2.388399e-01 -3.545107e-01  7.363184e-01  3.016696e+00  2.675663e+00  1.010474e+00          23260          23261          23319          23281          23340          23356          23417          23303          23324          23426          23406          23445          23502          23441          23352          23318          23001          22807          22122          21316
9.199774e+00     1.524775e-01  3.959394e-01 -2.269909e-01 -3.042169e-01  8.230397e-01  5.855853e-01 -9.882537e-01 -4.543260e-01  2.648336e-01 -8.929024e-01 -4.257317e-01 -1.868556e-01 -7.162505e-01 -7.952486e-01 -1.583812e-01 -3.209001e-01  8.962649e-01  3.632559e+00  2.714229e+00  2.426675e+00          23238          23237          23289          23253          23314          23322          23397          23285          23302          23397          23381          23426          23478          23420          23334          23284          22971          22774          22058          21283
9.299035e+00     3.488769e-01  2.721489e-01 -4.031761e-02 -7.920173e-01  8.559716e-01  3.271694e-01 -5.926007e-01 -7.595084e-01  6.938732e-01 -7.143980e-01 -5.950913e-01 -4.942697e-02 -9.618324e-01 -1.134297e+00  1.339029e-01 -4.979872e-01  1.110457e+00  3.889339e+00  3.517337e+00  2.477507e+00          23213          23196          23267          23217          23278          23288          23360          23260          23286          23368          23357          23399          23457          23396          23315          23268          22936          22742          22037          21265
9.398297e+00     3.296199e-01 -4.729804e-02 -7.578161e-02 -7.307986e-01  1.131278e+00  1.453787e-01 -4.173938e-01 -1.086915e+00  9.133284e-01 -2.544527e-01 -7.496685e-01  3.086326e-01 -1.260201e+00 -1.069544e+00  6.659934e-01 -5.006296e-01  8.392927e-01  3.408544e+00  3.777545e+00  2.624313e+00          23193          23182          23252          23202          23249          23269          23343          23244          23251          23352          23345          23382          23436          23384          23298          23244          22911          22709          22017          21248
9.499470e+00     6.762505e-01  1.339822e-01 -8.853454e-02 -3.538784e-01  8.404864e-01  3.375664e-02 -4.444163e-01 -1.211818e+00  9.203927e-01  1.935836e-02 -1.041262e+00  5.388051e-01 -1.345663e+00 -1.259036e+00  1.178632e+00 -6.492507e-01  5.730221e-01  3.458711e+00  3.521298e+00  2.662385e+00          23202          23184          23248          23199          23250          23271          23339          23242          23251          23343          23338          23382          23438          23374          23301          23244          22903          22718          22011          21216
9.598737e+00     7.308465e-01  7.220188e-01  8.372181e-02  4.346625e-02  3.781518e-01  3.499433e-01 -4.255481e-01 -1.237185e+00  8.503904e-01 -2.122641e-01 -8.854054e-01  2.060017e-01 -1.223785e+00 -1.368795e+00  9.425065e-01 -5.000783e-01  1.067158e+00  3.153061e+00  3.049718e+00  2.818347e+00          23205          23194          23260          23220          23279          23293          23356          23259          23265          23358          23357          23398          23461          23382          23319          23240          22900          22721          21987          21231
9.699915e+00     5.673160e-01  9.370820e-01  2.227615e-01  6.752628e-01  3.079611e-01  8.476321e-01 -1.161336e+00 -1.150422e+00  3.138148e-01 -6.985149e-01 -8.890813e-01  3.189033e-03 -8.384286e-01 -1.342908e+00  6.439011e-01 -4.300754e-01  1.305304e+00  3.113696e+00  2.803020e+00  3.343432e+00          23235          23233          23292          23247          23296          23320          23388          23281          23284          23380          23369          23417          23491          23417          23338          23268          22938          22725          21987          21201
9.799184e+00     3.073576e-01  9.346611e-01  5.178929e-02  1.034215e+00  4.336676e-01  9.753998e-01 -1.552237e+00 -1.392111e+00 -3.674517e-01 -8.344500e-01 -1.036308e+00 -6.328483e-01 -9.408148e-01 -9.618208e-01  7.477748e-01 -4.908413e-01  1.592116e+00  3.127407e+00  3.235467e+00  3.656507e+00          23257          23254          23312          23270          23315          23341          23399          23299          23313          23396          23389          23428          23512          23436          23383          23292          22952          22727          22000          21221
9.898451e+00     1.404372e-01  9.738688e-01  1.307679e-01  6.737446e-01  3.666368e-01  1.041883e+00 -1.105716e+00 -1.413412e+00 -6.641265e-01 -2.884441e-01 -9.360901e-01 -1.013652e+00 -1.073871e+00 -1.098277e+00  5.759814e-01 -1.589537e-01  1.700493e+00  2.751005e+00  3.716809e+00  3.874813e+00          23268          23256          23322          23279          23322          23347          23408          23304          23325          23407          23397          23434          23525          23440          23394          23294          22947          22719          22006          21207
9.999626e+00    -9.916941e-02  4.867649e-01 -4.722233e-02  1.844343e-01  1.689991e-01  8.599566e-01 -5.826054e-01 -1.345357e+00 -8.612158e-01  3.433358e-01 -7.045987e-01 -1.074876e+00 -1.179376e+00 -1.000823e+00  4.412421e-01 -2.970098e-01  1.471981e+00  3.185581e+00  3.963228e+00  4.480566e+00          23258          23250          23299          23270          23314          23341          23393          23290          23315          23407          23387          23419          23518          23423          23382          23293          22940          22700          21978          21208
1.009889e+01    -4.064681e-01  1.486329e-01 -2.789038e-01  1.364840e-01  1.205188e-01  8.579346e-01  5.637835e-02 -1.338275e+00 -1.245707e+00  4.803642e-01 -3.496133e-01 -1.133660e+00 -1.337250e+00 -7.140807e-01  4.605875e-01 -4.915522e-01  1.243295e+00  2.614841e+00  3.810916e+00  5.079330e+00          23238          23218          23277          23246          23292          23326          23372          23277          23292          23386          23357          23405          23481          23404          23352          23262          22909          22676          21945          21180
1.019815e+01    -4.067621e-01  2.201346e-01 -1.681521e-01  3.369367e-03  1.320096e-01  5.967168e-01 -1.115503e-01 -1.253264e+00 -6.696140e-01 -3.352061e-02 -6.955259e-01 -9.743944e-01 -1.051315e+00 -8.389126e-01  3.115314e-01 -8.669567e-01  1.198954e+00  2.582619e+00  3.846353e+00  5.583123e+00          23222          23179          23264          23218          23261          23300          23345          23253          23263          23360          23341          23383          23453          23382          23316          23238          22898          22642          21910          21129
1.029932e+01    -5.314879e-01  2.032534e-01 -3.179273e-02 -8.690721e-02 -5.903486e-02  5.282233e-01 -4.979316e-01 -9.858812e-01 -1.844009e-01 -3.337818e-01 -1.206066e+00 -9.446613e-01 -4.081438e-01 -7.126504e-01 -2.278568e-01 -9.959503e-01  8.631363e-01  2.581566e+00  4.772797e+00  5.580786e+00          23204          23172          23241          23203          23243          23272          23337          23235          23244          23339          23322          23358          23451          23374          23309          23224          22869          22624          21877          21088
1.039859e+01    -4.808565e-01  1.106341e-01 -3.964780e-01 -1.887042e-01 -9.016999e-02  7.300886e-01 -9.709297e-01 -5.556453e-01  2.870297e-01 -1.613942e-01 -1.362131e+00 -1.031946e+00 -1.179177e-01 -6.435249e-01 -5.269111e-01 -8.444560e-01  6.494320e-01  2.881229e+00  5.023670e+00  6.145665e+00          23207          23166          23248          23201          23240          23279          23332          23237          23248          23347          23331          23360          23451          23365          23305          23222          22855          22610          21876          21084
1.049976e+01    -2.887169e-01 -2.339221e-01 -5.483469e-01  6.090714e-02  9.792347e-02  4.423201e-01 -1.283111e+00 -5.161623e-01  3.871066e-01 -1.067935e-01 -1.206533e+00 -9.481198e-01  2.606937e-01 -5.588431e-01 -3.942976e-01 -7.835179e-01  3.607058e-01  2.886023e+00  3.938179e+00  4.606322e+00          23220          23195          23263          23219          23259          23302          23346          23247          23264          23373          23346          23369          23465          23384          23319          23236          22872          22618          21878          21061
1.059903e+01    -1.192363e-01 -4.034655e-01 -5.365443e-01  3.987352e-01  2.421535e-01  8.587130e-02 -1.414894e+00 -5.593904e-01  6.460550e-02 -8.017235e-03 -1.039677e+00 -8.836092e-01  7.136976e-01 -6.634300e-01 -5.992011e-01 -6.627781e-01 -1.717148e-02  1.931414e+00  3.901911e+00  3.585232e+00          23242          23213          23280          23240          23300          23318          23368          23260          23286          23393          23359          23392          23482          23412          23338          23243          22877          22628          21879          21060
1.069830e+01    -2.313535e-01 -5.033091e-01 -3.344706e-01  4.890125e-01  1.249825e-01 -2.300871e-01 -1.384857e+00 -6.385451e-01 -1.365808e-01 -1.861244e-01 -1.191585e+00 -8.869496e-01  8.418510e-01 -5.360871e-01 -3.034088e-01 -6.940036e-01 -2.067376e-02  1.890450e+00  4.079647e+00  3.218347e+00          23257          23239          23299          23259          23318          23343          23386          23278          23312          23407          23383          23424          23511          23431          23349          23261          22871          22628          21879          21069
1.079948e+01    -4.698176e-01 -3.671353e-01  5.313247e-02  4.224848e-01 -5.587670e-01 -3.340012e-01 -1.080818e+00 -7.443298e-01 -5.089314e-01 -2.477747e-01 -1.558731e+00 -9.169106e-01  8.667328e-01 -8.600431e-01 -2.360872e-01 -1.033051e+00  5.124230e-01  1.902812e+00  3.940169e+00  2.237649e+00          23261          23243          23300          23266          23321          23347          23387          23286          23309          23408          23391          23433          23522          23437          23354          23267          22858          22609          21884          21060
1.089874e+01    -7.831098e-01 -1.448056e-01  1.848685e-01  1.126238e-01 -9.121992e-01  2.942655e-02 -6.058661e-01 -1.069572e+00 -4.201711e-01 -2.181330e-01 -1.599830e+00 -1.004609e+00  6.759362e-01 -1.712784e+00 -5.783462e-01 -1.644858e+00  2.708768e-01  2.185421e+00  4.007492e+00  2.225841e+00          23254          23233          23300          23257          23309          23340          23382          23273          23300          23402          23386          23416          23514          23423          23345          23250          22840          22594          21875          21020
1.099991e+01    -8.427345e-01 -8.806546e-02 -2.303195e-01 -4.685392e-01 -6.077866e-01  3.669137e-01 -2.376203e-01 -1.330715e+00 -1.329637e-01 -2.669654e-01 -1.166787e+00 -9.699833e-01  1.071811e-01 -1.811884e+00 -5.210994e-01 -1.737047e+00  2.881944e-01  2.321592e+00  4.497530e+00  1.774860e+00          23229          23214          23283          23226          23282          23313          23361          23258          23276          23384          23356          23392          23487          23401          23327          23227          22825          22573          21816          20995
1.109918e+01    -8.531497e-01 -2.467510e-01 -5.776534e-01 -5.937376e-01 -3.113558e-01  3.821262e-01 -2.931997e-01 -1.129127e+00  1.616411e-01 -3.527246e-01 -5.325332e-01 -7.501041e-01 -8.389545e-02 -1.227363e+00 -2.840590e-01 -1.832301e+00  4.222405e-01  2.946100e+00  5.253851e+00  1.474459e+00          23208          23187          23267          23214          23252          23291          23344          23244          23257          23358          23341          23371          23463          23382          23307          23205          22815          22556          21789          20953
1.119844e+01    -6.577237e-01 -3.270646e-01 -1.061919e+00 -1.663435e-01 -2.581228e-01  3.474244e-01 -9.110092e-01 -1.070720e+00  5.081927e-01 -5.848093e-01 -3.523095e-02 -7.172755e-01 -3.018567e-01 -1.221333e+00 -1.584470e-01 -1.251987e+00  4.810830e-01  2.830246e+00  4.994817e+00  1.335884e+00          23191          23175          23254          23203          23239          23281          23324          23234          23247          23343          23331          23365          23460          23365          23301          23201          22788          22559          21767          20935
1.129961e+01    -4.904262e-01 -2.134189e-01 -1.333688e+00  5.374403e-02 -3.286140e-01  4.346907e-01 -9.388559e-01 -8.598099e-01  6.319568e-01 -7.131919e-01  5.642524e-01 -7.069632e-01 -4.098604e-01 -1.424279e+00  4.139928e-01 -5.937849e-01  2.686647e-01  2.718345e+00  4.404520e+00  1.679442e+00          23187          23171          23250          23203          23240          23274          23322          23248          23248          23348          23333          23375          23459          23378          23306          23202          22784          22546          21745          20891
1.139888e+01    -3.907051e-01 -2.721254e-02 -1.132230e+00  1.429301e-01 -2.954523e-01  2.105221e-01 -5.846419e-01 -7.789526e-01  6.125119e-01 -8.306372e-01  7.643035e-01 -2.665264e-01 -3.114152e-01 -1.772538e+00  5.529190e-01 -7.337575e-01  3.148839e-01  2.602554e+00  3.662937e+00  3.008754e+00          23204          23193          23265          23220          23261          23286          23337          23259          23273          23355          23340          23385          23468          23394          23319          23221          22775          22544          21724          20894
1.149815e+01    -1.698229e-01  4.580328e-02 -8.139698e-01  4.759720e-01  1.117432e-02 -2.738219e-01 -4.651817e-01 -5.552153e-01  6.891339e-01 -8.778477e-01  6.911501e-01  1.991318e-01  1.275890e-01 -1.840988e+00  5.272033e-01 -7.114261e-01  3.704169e-01  3.006669e+00  4.190393e+00  3.365904e+00          23221          23218          23281          23235          23273          23318          23357          23273          23294          23384          23362          23402          23490          23406          23342          23237          22775          22559          21730          20899
